 1    1  -28.0  11.3137  260   1
 3  233  -13.0  5.1358  260   2
 3  220   15.0  0.8560  260   3
 3  247   -7.0  3.4239  260   4
 3  243  -13.0  3.4239  260   5
 3  201    6.0  0.8560  260   6
 2    1   14.0  5.9918  260   7
 0    1   -8.0  0.0500  260   8
 3  205   -4.0  0.2722  260   9
 4  239   -3.5  1.1119  260  10
 3  237    2.0  0.8560  260  11
 3  250   -2.0  0.8560  260  12
 5  239  -11.0  1.9891  260  13
 5  240    3.0  1.3261  260  14
 3  239    7.0  3.4239  260  15
 1    1  -28.0  11.3137  259   1
 3  233  -13.0  5.1358  259   2
 3  220   15.0  0.8560  259   3
 3  247   -7.0  3.4239  259   4
 3  243  -13.0  3.4239  259   5
 3  201    6.0  0.8560  259   6
 2    1   14.0  5.9918  259   7
 0    1   -8.0  0.0500  259   8
 3  205   -4.0  0.2722  259   9
 4  239   -3.5  1.1119  259  10
 3  237    2.0  0.8560  259  11
 3  250   -2.0  0.8560  259  12
 5  239  -11.0  1.9891  259  13
 5  240    3.0  1.3261  259  14
 3  239    7.0  3.4239  259  15
 1    1  -28.0  11.3137  258   1
 3  233  -13.0  5.1358  258   2
 3  220   15.0  0.8560  258   3
 5  234   -3.0  1.3261  258   4
 3  231   -7.0  0.8560  258   5
 3  201    6.0  0.8560  258   6
 2    1   14.0  5.9918  258   7
 0    1   -8.0  0.0500  258   8
 3  205   -4.0  0.2722  258   9
 6  233   -3.5  0.9079  258  10
 3  237    2.0  0.8560  258  11
 3  250   -2.0  0.8560  258  12
 4  239  -14.0  2.9652  258  13
 5  240    3.0  1.3261  258  14
 3  239    7.0  3.4239  258  15
 1    1  -28.0  11.3137  257   1
 3  233  -13.0  5.1358  257   2
 3  220   15.0  0.8560  257   3
 5  234   -3.0  1.3261  257   4
 3  231   -7.0  0.8560  257   5
 3  201    6.0  0.8560  257   6
 2    1   14.0  5.9918  257   7
 0    1   -8.0  0.0500  257   8
 3  205   -4.0  0.2722  257   9
 6  233   -3.5  0.9079  257  10
 3  237    2.0  0.8560  257  11
 3  229    0.0  0.8560  257  12
 4  239  -14.0  2.9652  257  13
 5  240    3.0  1.3261  257  14
 3  239    7.0  3.4239  257  15
 1    1  -28.0  11.3137  256   1
 3  233  -13.0  5.1358  256   2
 3  220   15.0  0.8560  256   3
 4  234   -3.0  0.7413  256   4
 3  231   -7.0  0.8560  256   5
 3  201    6.0  0.8560  256   6
 2    1   14.0  5.9918  256   7
 0    1   -8.0  0.0500  256   8
 3  205   -4.0  0.2722  256   9
 6  233   -3.5  0.9079  256  10
 3  237    2.0  0.8560  256  11
 3  229    0.0  0.8560  256  12
 3  232   -9.0  0.8560  256  13
 5  240    3.0  1.3261  256  14
 3  239    7.0  3.4239  256  15
 1    1  -28.0  11.3137  255   1
 3  233  -13.0  5.1358  255   2
 3  220   15.0  0.8560  255   3
 4  234   -3.0  0.7413  255   4
 3  231   -7.0  0.8560  255   5
 3  201    6.0  0.8560  255   6
 2    1   14.0  5.9918  255   7
 0    1   -8.0  0.0500  255   8
 3  205   -4.0  0.2722  255   9
 6  233   -3.5  0.9079  255  10
 3  237    2.0  0.8560  255  11
 3  229    0.0  0.8560  255  12
 4  231   -8.5  0.7413  255  13
 5  240    3.0  1.3261  255  14
 3  239    7.0  3.4239  255  15
 1    1  -28.0  11.3137  254   1
 3  233  -13.0  5.1358  254   2
 3  220   15.0  0.8560  254   3
 5  229   -3.0  1.3261  254   4
 3  231   -7.0  0.8560  254   5
 3  201    6.0  0.8560  254   6
 2    1   14.0  5.9918  254   7
 0    1   -8.0  0.0500  254   8
 3  205   -4.0  0.2722  254   9
 6  233   -3.5  0.9079  254  10
 3  237    2.0  0.8560  254  11
 3  229    0.0  0.8560  254  12
 4  231   -8.5  0.7413  254  13
 5  240    3.0  1.3261  254  14
 3  239    7.0  3.4239  254  15
 1    1  -28.0  11.3137  253   1
 3  233  -13.0  5.1358  253   2
 3  220   15.0  0.8560  253   3
 5  229   -3.0  1.3261  253   4
 4  225   -8.0  1.1119  253   5
 3  201    6.0  0.8560  253   6
 2    1   14.0  5.9918  253   7
 0    1   -8.0  0.0500  253   8
 3  205   -4.0  0.2722  253   9
 6  233   -3.5  0.9079  253  10
 3  237    2.0  0.8560  253  11
 3  229    0.0  0.8560  253  12
 4  231   -8.5  0.7413  253  13
 5  240    3.0  1.3261  253  14
 3  239    7.0  3.4239  253  15
 1    1  -28.0  11.3137  252   1
 3  167   -2.0  1.7119  252   2
 3  220   15.0  0.8560  252   3
 6  226   -4.0  1.2105  252   4
 3  225   -7.0  0.8560  252   5
 3  201    6.0  0.8560  252   6
 2    1   14.0  5.9918  252   7
 0    1   -8.0  0.0500  252   8
 3  205   -4.0  0.2722  252   9
 6  233   -3.5  0.9079  252  10
 3  224    2.0  0.8560  252  11
 3  216    0.0  0.8560  252  12
 4  231   -8.5  0.7413  252  13
 5  240    3.0  1.3261  252  14
 3  239    7.0  3.4239  252  15
 1    1  -28.0  11.3137  251   1
 3  167   -2.0  1.7119  251   2
 3  220   15.0  0.8560  251   3
 5  226   -3.0  1.3261  251   4
 3  225   -7.0  0.8560  251   5
 3  201    6.0  0.8560  251   6
 2    1   14.0  5.9918  251   7
 0    1   -8.0  0.0500  251   8
 3  205   -4.0  0.2722  251   9
 4  233   -2.5  1.1119  251  10
 3  224    2.0  0.8560  251  11
 3  212   -1.0  0.8560  251  12
 3  231   -8.0  0.8560  251  13
 4  240    3.5  0.7413  251  14
 3  239    7.0  3.4239  251  15
 1    1  -28.0  11.3137  250   1
 3  167   -2.0  1.7119  250   2
 3  220   15.0  0.8560  250   3
 4  226   -4.0  1.4826  250   4
 3  225   -7.0  0.8560  250   5
 3  201    6.0  0.8560  250   6
 2    1   14.0  5.9918  250   7
 0    1   -8.0  0.0500  250   8
 3  205   -4.0  0.2722  250   9
 4  233   -2.5  1.1119  250  10
 3  224    2.0  0.8560  250  11
 3  212   -1.0  0.8560  250  12
 3  231   -8.0  0.8560  250  13
 4  240    3.5  0.7413  250  14
 3  239    7.0  3.4239  250  15
 1    1  -28.0  11.3137  249   1
 3  167   -2.0  1.7119  249   2
 3  220   15.0  0.8560  249   3
 6  220   -4.0  1.2105  249   4
 4  222   -8.0  1.1119  249   5
 3  201    6.0  0.8560  249   6
 2    1   14.0  5.9918  249   7
 0    1   -8.0  0.0500  249   8
 3  205   -4.0  0.2722  249   9
 5  220   -2.0  1.9891  249  10
 3  224    2.0  0.8560  249  11
 3  212   -1.0  0.8560  249  12
 3  231   -8.0  0.8560  249  13
 4  240    3.5  0.7413  249  14
 3  239    7.0  3.4239  249  15
 1    1  -28.0  11.3137  248   1
 3  167   -2.0  1.7119  248   2
 3  220   15.0  0.8560  248   3
 6  220   -4.0  1.2105  248   4
 4  222   -8.0  1.1119  248   5
 3  201    6.0  0.8560  248   6
 2    1   14.0  5.9918  248   7
 0    1   -8.0  0.0500  248   8
 3  205   -4.0  0.2722  248   9
 5  220   -2.0  1.9891  248  10
 4  220    2.5  0.3706  248  11
 3  212   -1.0  0.8560  248  12
 3  231   -8.0  0.8560  248  13
 4  240    3.5  0.7413  248  14
 3  239    7.0  3.4239  248  15
 1    1  -28.0  11.3137  247   1
 3  167   -2.0  1.7119  247   2
 3  220   15.0  0.8560  247   3
 7  216   -3.0  1.1207  247   4
 5  218   -9.0  0.6630  247   5
 3  201    6.0  0.8560  247   6
 2    1   14.0  5.9918  247   7
 0    1   -8.0  0.0500  247   8
 3  205   -4.0  0.2722  247   9
 5  220   -2.0  1.9891  247  10
 4  220    2.5  0.3706  247  11
 3  212   -1.0  0.8560  247  12
 5  216   -8.0  0.6630  247  13
 6  216    3.5  0.3026  247  14
 3  239    7.0  3.4239  247  15
 1    1  -28.0  11.3137  246   1
 3  167   -2.0  1.7119  246   2
 3  220   15.0  0.8560  246   3
 7  216   -3.0  1.1207  246   4
 5  218   -9.0  0.6630  246   5
 3  201    6.0  0.8560  246   6
 2    1   14.0  5.9918  246   7
 0    1   -8.0  0.0500  246   8
 3  205   -4.0  0.2722  246   9
 4  220   -2.5  1.1119  246  10
 4  220    2.5  0.3706  246  11
 3  212   -1.0  0.8560  246  12
 5  216   -8.0  0.6630  246  13
 5  216    4.0  0.6630  246  14
 3  239    7.0  3.4239  246  15
 1    1  -28.0  11.3137  245   1
 3  167   -2.0  1.7119  245   2
 3  220   15.0  0.8560  245   3
 7  216   -3.0  1.1207  245   4
 5  218   -9.0  0.6630  245   5
 3  201    6.0  0.8560  245   6
 2    1   14.0  5.9918  245   7
 0    1   -8.0  0.0500  245   8
 3  205   -4.0  0.2722  245   9
 4  220   -2.5  1.1119  245  10
 4  220    2.5  0.3706  245  11
 3  212   -1.0  0.8560  245  12
 5  216   -8.0  0.6630  245  13
 6  215    3.5  0.3026  245  14
 3  239    7.0  3.4239  245  15
 1    1  -28.0  11.3137  244   1
 3  167   -2.0  1.7119  244   2
 4  192   15.0  0.3706  244   3
 8  215   -4.0  1.0483  244   4
 4  218   -9.5  0.3706  244   5
 3  201    6.0  0.8560  244   6
 2    1   14.0  5.9918  244   7
 0    1   -8.0  0.0500  244   8
 3  205   -4.0  0.2722  244   9
 4  220   -2.5  1.1119  244  10
 4  220    2.0  0.3706  244  11
 3  212   -1.0  0.8560  244  12
 5  216   -8.0  0.6630  244  13
 6  215    4.0  0.6053  244  14
 3  239    7.0  3.4239  244  15
 1    1  -28.0  11.3137  243   1
 3  167   -2.0  1.7119  243   2
 4  192   15.0  0.3706  243   3
 8  215   -4.0  1.0483  243   4
 4  218   -9.5  0.3706  243   5
 3  201    6.0  0.8560  243   6
 2    1   14.0  5.9918  243   7
 0    1   -8.0  0.0500  243   8
 3  205   -4.0  0.2722  243   9
 4  220   -2.5  1.1119  243  10
 4  220    2.0  0.3706  243  11
 3  212   -1.0  0.8560  243  12
 5  216   -8.0  0.6630  243  13
 6  215    4.0  0.6053  243  14
 3  167    3.0  1.7119  243  15
 0    1  -12.0  0.0500  242   1
 3  167   -2.0  1.7119  242   2
 4  192   15.0  0.3706  242   3
 8  215   -4.0  1.0483  242   4
 4  218   -9.5  0.3706  242   5
 3  201    6.0  0.8560  242   6
 2    1   14.0  5.9918  242   7
 0    1   -8.0  0.0500  242   8
 3  205   -4.0  0.2722  242   9
 4  220   -2.5  1.1119  242  10
 5  212    2.0  0.6630  242  11
 3  212   -1.0  0.8560  242  12
 5  216   -8.0  0.6630  242  13
 5  212    3.0  0.6630  242  14
 3  167    3.0  1.7119  242  15
 0    1  -12.0  0.0500  241   1
 3  167   -2.0  2.9938  241   2
 4  192   15.0  0.3706  241   3
 8  215   -4.0  1.0483  241   4
 4  218   -9.5  0.3706  241   5
 3  201    6.0  0.8560  241   6
 2    1   14.0  5.9918  241   7
 0    1   -8.0  0.0500  241   8
 3  205   -4.0  0.2722  241   9
 4  220   -2.5  1.1119  241  10
 3  212    3.0  1.7119  241  11
 3  212   -1.0  0.8560  241  12
 5  216   -8.0  0.6630  241  13
 5  212    3.0  0.6630  241  14
 3  167    7.0  3.4239  241  15
 0    1  -12.0  0.0500  240   1
 3  167   -2.0  2.9938  240   2
 4  192   15.0  0.3706  240   3
 8  215   -4.0  1.0483  240   4
 4  218   -9.5  0.3706  240   5
 3  201    6.0  0.8560  240   6
 2    1   14.0  5.9918  240   7
 0    1   -8.0  0.0500  240   8
 3  193   -4.0  0.8560  240   9
 4  219   -3.0  1.1119  240  10
 3  212    3.0  1.7119  240  11
 3  212   -1.0  0.8560  240  12
 4  216   -7.5  0.7413  240  13
 5  212    2.0  0.6630  240  14
 3  167   11.0  1.7119  240  15
 0    1  -12.0  0.0500  239   1
 3  167   -2.0  2.9938  239   2
 4  192   15.0  0.3706  239   3
 8  215   -4.0  1.0483  239   4
 4  218   -9.5  0.3706  239   5
 3  201    6.0  0.8560  239   6
 2    1   14.0  5.9918  239   7
 0    1   -8.0  0.0500  239   8
 3  193   -4.0  0.8560  239   9
 4  219   -3.0  1.1119  239  10
 3  212    3.0  1.7119  239  11
 3  212   -1.0  0.8560  239  12
 4  216   -7.5  0.7413  239  13
 5  212    2.0  0.6630  239  14
 3  167   11.0  1.7119  239  15
 0    1  -12.0  0.0500  238   1
 3  167   -2.0  2.9938  238   2
 4  192   15.0  0.3706  238   3
 8  215   -4.0  1.0483  238   4
 4  218   -9.5  0.3706  238   5
 3  201    6.0  0.8560  238   6
 2    1   14.0  5.9918  238   7
 0    1   -8.0  0.0500  238   8
 3  193   -4.0  0.8560  238   9
 4  219   -3.0  1.1119  238  10
 3  212    3.0  1.7119  238  11
 3  212   -1.0  0.8560  238  12
 4  216   -7.5  0.7413  238  13
 5  212    2.0  0.6630  238  14
 3  167   11.0  1.7119  238  15
 0    1  -12.0  0.0500  237   1
 3  167   -2.0  2.9938  237   2
 4  192   15.0  0.3706  237   3
 6  215   -5.5  1.5132  237   4
 4  218   -9.5  0.3706  237   5
 3  201    6.0  0.8560  237   6
 2    1   14.0  5.9918  237   7
 0    1   -8.0  0.0500  237   8
 3  193   -4.0  0.8560  237   9
 4  219   -3.0  1.1119  237  10
 3  212    3.0  1.7119  237  11
 3  212   -1.0  0.8560  237  12
 4  216   -7.5  0.7413  237  13
 6  208    2.5  0.9079  237  14
 3  167   11.0  1.7119  237  15
 0    1  -12.0  0.0500  236   1
 3  164   -2.0  1.9052  236   2
 4  192   15.0  0.3706  236   3
 6  215   -5.5  1.5132  236   4
 4  218   -9.5  0.3706  236   5
 3  201    6.0  0.8560  236   6
 2    1   14.0  5.9918  236   7
 0    1   -8.0  0.0500  236   8
 3  193   -4.0  0.8560  236   9
 3  167    2.0  1.6330  236  10
 3  212    3.0  1.7119  236  11
 3  212   -1.0  0.8560  236  12
 4  216   -7.5  0.7413  236  13
 6  208    2.5  0.9079  236  14
 3  167   11.0  1.7119  236  15
 0    1  -12.0  0.0500  235   1
 3  164   -2.0  1.9052  235   2
 4  192   15.0  0.3706  235   3
 6  215   -5.5  1.5132  235   4
 4  218   -9.5  0.3706  235   5
 3  201    6.0  0.8560  235   6
 2    1   14.0  5.9918  235   7
 0    1   -8.0  0.0500  235   8
 3   85   -4.0  0.8560  235   9
 3  167    2.0  1.6330  235  10
 3  212    3.0  1.7119  235  11
 3  212   -1.0  0.8560  235  12
 4  216   -7.5  0.7413  235  13
 6  208    2.5  0.9079  235  14
 3  167   11.0  1.7119  235  15
 0    1  -12.0  0.0500  234   1
 3  164   -2.0  1.9052  234   2
 4  192   15.0  0.3706  234   3
 6  215   -5.5  1.5132  234   4
 4  218   -9.5  0.3706  234   5
 3  201    6.0  0.8560  234   6
 2    1   14.0  5.9918  234   7
 0    1   -8.0  0.0500  234   8
 3   85   -4.0  0.8560  234   9
 3  167    2.0  1.6330  234  10
 3  212    3.0  1.7119  234  11
 3  212   -1.0  0.8560  234  12
 4  205   -6.0  0.7413  234  13
 6  208    2.5  0.9079  234  14
 3  167   11.0  1.7119  234  15
 0    1  -12.0  0.0500  233   1
 3  164   -2.0  1.9052  233   2
 4  192   15.0  0.3706  233   3
 6  215   -5.5  1.5132  233   4
 4  218   -9.5  0.3706  233   5
 3  201    6.0  0.8560  233   6
 2    1   14.0  5.9918  233   7
 0    1   -8.0  0.0500  233   8
 3   85   -4.0  0.8560  233   9
 3  167    2.0  1.6330  233  10
 3  212    3.0  1.7119  233  11
 3  212   -1.0  0.8560  233  12
 4  205   -6.0  0.7413  233  13
 6  208    2.5  0.9079  233  14
 3  167   11.0  1.7119  233  15
 0    1  -12.0  0.0500  232   1
 3  164   -2.0  1.9052  232   2
 4  192   15.0  0.3706  232   3
 6  215   -5.5  1.5132  232   4
 3  218  -10.0  0.2722  232   5
 3  201    6.0  0.8560  232   6
 2    1   14.0  5.9918  232   7
 0    1   -8.0  0.0500  232   8
 3   85   -4.0  0.8560  232   9
 3  167    2.0  1.6330  232  10
 3  212    3.0  1.7119  232  11
 3  212   -1.0  0.8560  232  12
 3  205   -5.0  1.0887  232  13
 6  208    2.5  0.9079  232  14
 3  167   11.0  1.7119  232  15
 0    1  -12.0  0.0500  231   1
 3  164   -2.0  1.9052  231   2
 4  192   15.0  0.3706  231   3
 5  215   -5.0  1.3261  231   4
 3  218  -10.0  0.2722  231   5
 3  201    6.0  0.8560  231   6
 2    1   14.0  5.9918  231   7
 0    1   -8.0  0.0500  231   8
 3   85   -4.0  0.8560  231   9
 3  167    2.0  1.6330  231  10
 4  202    2.0  3.3358  231  11
 3  212   -1.0  0.8560  231  12
 3  205   -5.0  1.0887  231  13
 6  208    2.5  0.9079  231  14
 3  167   11.0  1.7119  231  15
 0    1  -12.0  0.0500  230   1
 3  164   -2.0  1.9052  230   2
 4  192   15.0  0.3706  230   3
 5  215   -5.0  1.3261  230   4
 3  218  -10.0  0.2722  230   5
 3  201    6.0  0.8560  230   6
 2    1   14.0  5.9918  230   7
 0    1   -8.0  0.0500  230   8
 3   85   -4.0  0.8560  230   9
 3  167    2.0  1.6330  230  10
 4  202    2.0  3.3358  230  11
 3  190   -2.0  0.8560  230  12
 4  201   -5.0  0.3706  230  13
 6  208    2.5  0.9079  230  14
 3  167   11.0  1.7119  230  15
 0    1  -12.0  0.0500  229   1
 3  164   -2.0  1.9052  229   2
 3  192   15.0  0.5443  229   3
 5  215   -5.0  1.3261  229   4
 3  196  -10.0  0.5443  229   5
 3  201    6.0  0.8560  229   6
 1    1   17.5  3.0000  229   7
 0    1   -8.0  0.0500  229   8
 3   85   -4.0  0.8560  229   9
 3  167    2.0  1.6330  229  10
 4  202    2.0  3.3358  229  11
 3  190   -2.0  0.8560  229  12
 4  201   -5.0  0.3706  229  13
 6  208    2.5  0.9079  229  14
 3  167   11.0  1.7119  229  15
 0    1  -12.0  0.0500  228   1
 3  164   -2.0  1.9052  228   2
 3  192   15.0  0.5443  228   3
 4  215   -4.5  1.4826  228   4
 3  196  -10.0  0.5443  228   5
 3  201    6.0  0.8560  228   6
 1    1   17.5  3.0000  228   7
 0    1   -8.0  0.0500  228   8
 3   85   -4.0  0.8560  228   9
 3  167    2.0  1.6330  228  10
 5  195    3.0  1.3261  228  11
 3  190   -2.0  0.8560  228  12
 4  201   -5.0  0.3706  228  13
 6  208    2.5  0.9079  228  14
 3  167   11.0  1.7119  228  15
 0    1  -12.0  0.0500  227   1
 3  164   -2.0  1.9052  227   2
 3  192   15.0  0.5443  227   3
 4  215   -4.5  1.4826  227   4
 3  196  -10.0  0.5443  227   5
 3  201    6.0  0.8560  227   6
 1    1   17.5  3.0000  227   7
 0    1   -8.0  0.0500  227   8
 3   85   -4.0  0.8560  227   9
 3  167    2.0  1.6330  227  10
 5  195    3.0  1.3261  227  11
 3  190   -2.0  0.8560  227  12
 4  201   -5.0  0.3706  227  13
 6  208    2.5  0.9079  227  14
 3  167   11.0  1.7119  227  15
 0    1  -12.0  0.0500  226   1
 3  164   -2.0  1.9052  226   2
 3  192   15.0  0.5443  226   3
 4  215   -4.5  1.4826  226   4
 3  196  -10.0  0.5443  226   5
 3  201    6.0  0.8560  226   6
 1    1   17.5  3.0000  226   7
 0    1   -8.0  0.0500  226   8
 3   85   -4.0  0.8560  226   9
 3  167    2.0  1.6330  226  10
 5  195    3.0  1.3261  226  11
 3  190   -2.0  0.8560  226  12
 4  201   -5.0  0.3706  226  13
 6  208    2.5  0.9079  226  14
 3  167   11.0  1.7119  226  15
 0    1  -12.0  0.0500  225   1
 3  164   -2.0  1.9052  225   2
 3  192   15.0  0.5443  225   3
 4  215   -4.5  1.4826  225   4
 3  196  -10.0  0.5443  225   5
 3  201    6.0  0.8560  225   6
 1    1   17.5  3.0000  225   7
 0    1   -8.0  0.0500  225   8
 3   85   -4.0  0.8560  225   9
 3  167    2.0  1.6330  225  10
 4  195    3.0  2.5945  225  11
 3  190   -2.0  0.8560  225  12
 5  196   -5.0  0.6630  225  13
 6  208    2.5  0.9079  225  14
 3  167   11.0  1.7119  225  15
 0    1  -12.0  0.0500  224   1
 3  164   -2.0  1.9052  224   2
 3  192   15.0  0.5443  224   3
 4  215   -4.5  1.4826  224   4
 3  196  -10.0  0.5443  224   5
 3  201    6.0  0.8560  224   6
 1    1   17.5  3.0000  224   7
 0    1   -8.0  0.0500  224   8
 3   85   -4.0  0.8560  224   9
 3  167    2.0  1.6330  224  10
 4  195    3.0  2.5945  224  11
 3  190   -2.0  0.8560  224  12
 5  196   -5.0  0.6630  224  13
 6  208    2.5  0.9079  224  14
 3  167   11.0  1.7119  224  15
 0    1  -12.0  0.0500  223   1
 3  164   -2.0  1.9052  223   2
 4  190   14.0  0.7413  223   3
 3  191   -7.0  3.4239  223   4
 3  191  -10.0  0.5443  223   5
 3  201    6.0  0.8560  223   6
 1    1   17.5  3.0000  223   7
 0    1   -8.0  0.0500  223   8
 3   85   -4.0  0.8560  223   9
 3  167   -4.0  2.5679  223  10
 4  195    3.0  2.5945  223  11
 3  190   -2.0  0.8560  223  12
 5  196   -5.0  0.6630  223  13
 6  208    2.5  0.9079  223  14
 3  167   11.0  1.7119  223  15
 0    1  -12.0  0.0500  222   1
 3  164   -2.0  1.9052  222   2
 4  190   14.0  0.7413  222   3
 3  191   -7.0  3.4239  222   4
 3  191  -10.0  0.5443  222   5
 3  201    6.0  0.8560  222   6
 1    1   17.5  3.0000  222   7
 0    1   -8.0  0.0500  222   8
 3   85   -4.0  0.8560  222   9
 3  167   -4.0  2.5679  222  10
 4  195    3.0  2.5945  222  11
 3  190   -2.0  0.8560  222  12
 5  196   -5.0  0.6630  222  13
 6  208    2.5  0.9079  222  14
 3  167   11.0  1.7119  222  15
 0    1  -12.0  0.0500  221   1
 3  164   -2.0  1.9052  221   2
 4  190   14.0  0.7413  221   3
 4  190   -5.0  1.4826  221   4
 3  191  -10.0  0.5443  221   5
 3  201    6.0  0.8560  221   6
 1    1   17.5  3.0000  221   7
 0    1   -8.0  0.0500  221   8
 3   85   -4.0  0.8560  221   9
 3  167   -4.0  2.5679  221  10
 3  195    3.0  5.9918  221  11
 3  190   -2.0  0.8560  221  12
 5  196   -5.0  0.6630  221  13
 6  208    2.5  0.9079  221  14
 3  167   11.0  1.7119  221  15
 0    1  -12.0  0.0500  220   1
 3  164   -2.0  1.9052  220   2
 4  190   14.0  0.7413  220   3
 4  187  -10.0  2.2239  220   4
 3  189  -10.0  0.5443  220   5
 3  201    6.0  0.8560  220   6
 1    1   17.5  3.0000  220   7
 0    1   -8.0  0.0500  220   8
 3   85   -4.0  0.8560  220   9
 3  167   -3.0  3.4239  220  10
 3  195    3.0  5.9918  220  11
 3  190   -2.0  0.8560  220  12
 5  187   -4.0  1.9891  220  13
 6  187    1.5  1.2105  220  14
 3  167    5.0  3.4239  220  15
 0    1  -12.0  0.0500  219   1
 3  164   -2.0  1.9052  219   2
 4  190   14.0  0.7413  219   3
 4  187  -10.0  2.2239  219   4
 3  189  -10.0  0.5443  219   5
 3  201    6.0  0.8560  219   6
 1    1   17.5  3.0000  219   7
 0    1   -8.0  0.0500  219   8
 3   85   -4.0  0.8560  219   9
 3  167   -3.0  3.4239  219  10
 3  195    3.0  5.9918  219  11
 3  190   -2.0  0.8560  219  12
 5  187   -4.0  1.9891  219  13
 6  187    1.5  1.2105  219  14
 3  167    5.0  3.4239  219  15
 0    1  -12.0  0.0500  218   1
 3  164   -2.0  1.9052  218   2
 4  190   14.0  0.7413  218   3
 4  187  -10.0  2.2239  218   4
 3  189  -10.0  0.5443  218   5
 3  201    6.0  0.8560  218   6
 1    1   17.5  3.0000  218   7
 0    1   -8.0  0.0500  218   8
 3   85   -4.0  0.8560  218   9
 3  167   -3.0  3.4239  218  10
 3  195    3.0  5.9918  218  11
 3  167   -2.0  0.8560  218  12
 5  187   -4.0  1.9891  218  13
 6  187    1.5  1.2105  218  14
 3  167    5.0  3.4239  218  15
 0    1  -12.0  0.0500  217   1
 3  164   -2.0  1.9052  217   2
 4  190   14.0  0.7413  217   3
 4  187  -10.0  2.2239  217   4
 3  189  -10.0  0.5443  217   5
 3  174    6.0  2.5679  217   6
 1    1   17.5  3.0000  217   7
 0    1   -8.0  0.0500  217   8
 3   85   -4.0  0.8560  217   9
 3  167   -3.0  3.4239  217  10
 3  195    3.0  5.9918  217  11
 3  167   -2.0  0.8560  217  12
 5  187   -4.0  1.9891  217  13
 5  187    1.0  1.3261  217  14
 3  167    5.0  3.4239  217  15
 0    1  -12.0  0.0500  216   1
 3  164   -2.0  1.9052  216   2
 4  190   14.0  0.7413  216   3
 3  187   -7.0  3.4239  216   4
 3  189  -10.0  0.5443  216   5
 3  174    6.0  2.5679  216   6
 1    1   17.5  3.0000  216   7
 0    1   -8.0  0.0500  216   8
 3   85   -4.0  0.8560  216   9
 3  167   -3.0  3.4239  216  10
 3  195    3.0  5.9918  216  11
 3  167   -2.0  0.8560  216  12
 5  187   -4.0  1.9891  216  13
 5  187    1.0  1.3261  216  14
 3  167    5.0  3.4239  216  15
 0    1  -12.0  0.0500  215   1
 3  164   -2.0  1.9052  215   2
 4  190   14.0  0.7413  215   3
 3  187   -7.0  3.4239  215   4
 3  189  -10.0  0.5443  215   5
 3  174    6.0  2.5679  215   6
 1    1   17.5  3.0000  215   7
 0    1   -8.0  0.0500  215   8
 3   85   -4.0  0.8560  215   9
 3  167   -3.0  3.4239  215  10
 3  195    3.0  5.9918  215  11
 3  167   -2.0  0.8560  215  12
 5  187   -4.0  1.9891  215  13
 5  187    1.0  1.3261  215  14
 3  167    5.0  3.4239  215  15
 0    1  -12.0  0.0500  214   1
 3  164   -2.0  1.9052  214   2
 4  190   14.0  0.7413  214   3
 3  187   -7.0  3.4239  214   4
 3  189  -10.0  0.5443  214   5
 3  174    6.0  2.5679  214   6
 1    1   17.5  3.0000  214   7
 0    1   -8.0  0.0500  214   8
 3   85   -4.0  0.8560  214   9
 3  167   -3.0  3.4239  214  10
 3  178   -8.0  0.8560  214  11
 3  167   -2.0  0.8560  214  12
 5  187   -4.0  1.9891  214  13
 4  187    1.0  2.9652  214  14
 3  167    5.0  3.4239  214  15
 0    1  -12.0  0.0500  213   1
 3  164   -2.0  1.9052  213   2
 4  190   14.0  0.7413  213   3
 4  178   -5.0  2.5945  213   4
 5  174   -8.0  1.3261  213   5
 3  174    6.0  2.5679  213   6
 1    1   17.5  3.0000  213   7
 0    1   -8.0  0.0500  213   8
 3   85   -4.0  0.8560  213   9
 3  167   -3.0  3.4239  213  10
 5  167    1.0  1.3261  213  11
 3  167   -5.0  2.5679  213  12
 6  167   -2.5  1.5132  213  13
 5  167   -1.0  4.6412  213  14
 3  167    5.0  3.4239  213  15
 0    1  -12.0  0.0500  212   1
 3  164   -2.0  1.9052  212   2
 4  190   14.0  0.7413  212   3
 4  178   -5.0  2.5945  212   4
 5  174   -8.0  1.3261  212   5
 3  174    6.0  2.5679  212   6
 1    1   17.5  3.0000  212   7
 0    1   -8.0  0.0500  212   8
 3   85   -4.0  0.8560  212   9
 3  167   -3.0  3.4239  212  10
 5  167    1.0  1.3261  212  11
 3  167   -5.0  2.5679  212  12
 6  167   -2.5  1.5132  212  13
 5  167   -1.0  4.6412  212  14
 3  167    5.0  3.4239  212  15
 0    1  -12.0  0.0500  211   1
 3  164   -2.0  1.9052  211   2
 4  190   14.0  0.7413  211   3
 4  178   -5.0  2.5945  211   4
 5  174   -8.0  1.3261  211   5
 3  174    6.0  2.5679  211   6
 1    1   17.5  3.0000  211   7
 0    1   -8.0  0.0500  211   8
 3   85   -4.0  0.8560  211   9
 3  167   -3.0  3.4239  211  10
 5  167    1.0  1.3261  211  11
 3  167   -5.0  2.5679  211  12
 6  167   -2.5  1.5132  211  13
 5  167   -1.0  4.6412  211  14
 3  167    5.0  3.4239  211  15
 0    1  -12.0  0.0500  210   1
 3  164   -2.0  1.9052  210   2
 4  190   14.0  0.7413  210   3
 5  167   -3.0  2.6521  210   4
 5  174   -8.0  1.3261  210   5
 3  174    6.0  2.5679  210   6
 1    1   17.5  3.0000  210   7
 0    1   -8.0  0.0500  210   8
 3   85   -4.0  0.8560  210   9
 3  167   -3.0  3.4239  210  10
 6  167    1.5  1.2105  210  11
 3  167   -5.0  2.5679  210  12
 6  167   -2.5  1.5132  210  13
 5  167   -1.0  4.6412  210  14
 3  167    5.0  3.4239  210  15
 0    1  -12.0  0.0500  209   1
 3  164   -2.0  1.9052  209   2
 4  190   14.0  0.7413  209   3
 5  167   -3.0  2.6521  209   4
 5  174   -8.0  1.3261  209   5
 3  174    6.0  2.5679  209   6
 1    1   17.5  3.0000  209   7
 0    1   -8.0  0.0500  209   8
 3   85   -4.0  0.8560  209   9
 3  167   -3.0  3.4239  209  10
 6  167    1.5  1.2105  209  11
 3  167   -5.0  2.5679  209  12
 6  167   -2.5  1.5132  209  13
 4  167   -4.5  3.3358  209  14
 3  167    5.0  3.4239  209  15
 0    1  -12.0  0.0500  208   1
 3  164   -2.0  1.9052  208   2
 4  190   14.0  0.7413  208   3
 5  167   -3.0  2.6521  208   4
 5  174   -8.0  1.3261  208   5
 3  174    6.0  2.5679  208   6
 1    1   17.5  3.0000  208   7
 0    1   -8.0  0.0500  208   8
 3   85   -4.0  0.8560  208   9
 3  167   -3.0  3.4239  208  10
 6  167    1.5  1.2105  208  11
 3  167   -5.0  2.5679  208  12
 6  167   -2.5  1.5132  208  13
 4  167   -4.5  3.3358  208  14
 3  167    5.0  3.4239  208  15
 0    1  -12.0  0.0500  207   1
 3  164   -2.0  1.9052  207   2
 4  190   14.0  0.7413  207   3
 5  167   -3.0  2.6521  207   4
 5  174   -8.0  1.3261  207   5
 3  174    6.0  2.5679  207   6
 1    1   17.5  3.0000  207   7
 0    1   -8.0  0.0500  207   8
 3   85   -4.0  0.8560  207   9
 3  167   -3.0  3.4239  207  10
 6  167    1.5  1.2105  207  11
 3  167   -5.0  2.5679  207  12
 6  167   -2.5  1.5132  207  13
 4  167   -4.5  3.3358  207  14
 3  167    5.0  3.4239  207  15
 0    1  -12.0  0.0500  206   1
 3  164   -2.0  1.9052  206   2
 4  190   14.0  0.7413  206   3
 5  167   -3.0  2.6521  206   4
 5  174   -8.0  1.3261  206   5
 3  174    6.0  2.5679  206   6
 1    1   17.5  3.0000  206   7
 0    1   -8.0  0.0500  206   8
 3   80   -7.0  3.4239  206   9
 3  167   -3.0  3.4239  206  10
 6  167    1.5  1.2105  206  11
 3  145   -2.0  2.5679  206  12
 6  167   -1.0  1.2105  206  13
 4  167   -4.5  3.3358  206  14
 3  167    5.0  3.4239  206  15
 0    1  -12.0  0.0500  205   1
 3  164   -2.0  1.9052  205   2
 4  190   14.0  0.7413  205   3
 5  167   -3.0  2.6521  205   4
 5  174   -8.0  1.3261  205   5
 3  174    6.0  2.5679  205   6
 1    1   17.5  3.0000  205   7
 0    1   -8.0  0.0500  205   8
 3   80   -7.0  3.4239  205   9
 3  167   -3.0  3.4239  205  10
 6  167    1.5  1.2105  205  11
 3  145   -2.0  2.5679  205  12
 6  167   -1.0  1.2105  205  13
 4  167   -4.5  3.3358  205  14
 3  167    5.0  3.4239  205  15
 0    1  -12.0  0.0500  204   1
 3  164   -2.0  1.9052  204   2
 4  190   14.0  0.7413  204   3
 5  167   -3.0  2.6521  204   4
 5  174   -8.0  1.3261  204   5
 3  174    6.0  2.5679  204   6
 1    1   17.5  3.0000  204   7
 0    1   -8.0  0.0500  204   8
 3   80   -7.0  3.4239  204   9
 3  167   -3.0  3.4239  204  10
 6  167    1.5  1.2105  204  11
 3  145   -2.0  2.5679  204  12
 6  167   -1.0  1.2105  204  13
 4  167   -4.5  3.3358  204  14
 3  167    5.0  3.4239  204  15
 0    1  -12.0  0.0500  203   1
 3  164   -2.0  1.9052  203   2
 4  190   14.0  0.7413  203   3
 5  167   -3.0  2.6521  203   4
 5  174   -8.0  1.3261  203   5
 3  174    6.0  2.5679  203   6
 1    1   17.5  3.0000  203   7
 0    1   -8.0  0.0500  203   8
 3   80   -7.0  3.4239  203   9
 3  167   -3.0  3.4239  203  10
 5  167    2.0  0.6630  203  11
 3  145   -2.0  2.5679  203  12
 6  167   -1.0  1.2105  203  13
 4  167   -4.5  3.3358  203  14
 3  167    5.0  3.4239  203  15
 0    1  -12.0  0.0500  202   1
 3  164   -2.0  1.9052  202   2
 4  190   14.0  0.7413  202   3
 5  167   -3.0  2.6521  202   4
 5  174   -8.0  1.3261  202   5
 3  174    6.0  2.5679  202   6
 1    1   17.5  3.0000  202   7
 0    1   -8.0  0.0500  202   8
 3   80   -7.0  3.4239  202   9
 3  167   -3.0  3.4239  202  10
 5  167    2.0  0.6630  202  11
 3  145   -2.0  2.5679  202  12
 5  167   -1.0  0.6630  202  13
 4  167   -4.5  3.3358  202  14
 3  167    5.0  3.4239  202  15
 0    1  -12.0  0.0500  201   1
 3  164   -2.0  1.9052  201   2
 4  190   14.0  0.7413  201   3
 5  167   -3.0  2.6521  201   4
 5  174   -8.0  1.3261  201   5
 3  174    6.0  2.5679  201   6
 1    1   17.5  3.0000  201   7
 0    1   -8.0  0.0500  201   8
 3   80   -7.0  3.4239  201   9
 3  167   -3.0  3.4239  201  10
 5  167    2.0  0.6630  201  11
 3  145   -2.0  2.5679  201  12
 5  167   -1.0  0.6630  201  13
 4  167   -4.5  3.3358  201  14
 3  167    5.0  3.4239  201  15
 0    1  -12.0  0.0500  200   1
 3  164   -2.0  1.9052  200   2
 4  190   14.0  0.7413  200   3
 5  167   -3.0  2.6521  200   4
 5  174   -8.0  1.3261  200   5
 3  174    6.0  2.5679  200   6
 1    1   17.5  3.0000  200   7
 0    1   -8.0  0.0500  200   8
 3   80   -7.0  3.4239  200   9
 3  167   -3.0  3.4239  200  10
 4  167    1.5  1.1119  200  11
 3  145   -2.0  2.5679  200  12
 5  167   -1.0  0.6630  200  13
 4  167   -4.5  3.3358  200  14
 3  167    5.0  3.4239  200  15
 0    1  -12.0  0.0500  199   1
 3  164   -2.0  1.9052  199   2
 4  190   14.0  0.7413  199   3
 5  167   -3.0  2.6521  199   4
 5  174   -8.0  1.3261  199   5
 3  174    6.0  2.5679  199   6
 1    1   17.5  3.0000  199   7
 0    1   -8.0  0.0500  199   8
 3   80   -7.0  3.4239  199   9
 3  167   -3.0  3.4239  199  10
 4  167    1.5  1.1119  199  11
 3  145   -2.0  2.5679  199  12
 5  167   -1.0  0.6630  199  13
 4  167   -4.5  3.3358  199  14
 3  167    5.0  3.4239  199  15
 0    1  -12.0  0.0500  198   1
 3  164   -2.0  1.9052  198   2
 4  190   14.0  0.7413  198   3
 5  167   -3.0  2.6521  198   4
 5  174   -8.0  1.3261  198   5
 3  174    6.0  2.5679  198   6
 1    1   17.5  3.0000  198   7
 0    1   -8.0  0.0500  198   8
 3   80   -7.0  3.4239  198   9
 3  167   -3.0  3.4239  198  10
 4  167    1.5  1.1119  198  11
 3  145   -2.0  2.5679  198  12
 5  167   -1.0  0.6630  198  13
 4  167   -4.5  3.3358  198  14
 3  167    5.0  3.4239  198  15
 0    1  -12.0  0.0500  197   1
 3  164   -2.0  1.9052  197   2
 4  190   14.0  0.7413  197   3
 5  167   -3.0  2.6521  197   4
 4  174   -8.5  1.1119  197   5
 3  174    6.0  2.5679  197   6
 1    1   17.5  3.0000  197   7
 0    1   -8.0  0.0500  197   8
 3   80   -7.0  3.4239  197   9
 3  167   -3.0  3.4239  197  10
 4  167    1.5  1.1119  197  11
 3  145   -2.0  2.5679  197  12
 4  167   -0.5  1.4826  197  13
 4  167   -4.5  3.3358  197  14
 3  167    5.0  3.4239  197  15
 0    1  -12.0  0.0500  196   1
 3  164   -2.0  1.9052  196   2
 4  190   14.0  0.7413  196   3
 5  167   -3.0  2.6521  196   4
 4  174   -8.5  1.1119  196   5
 3  174    6.0  2.5679  196   6
 0    1   14.0  0.0500  196   7
 0    1   -8.0  0.0500  196   8
 3   80   -7.0  3.4239  196   9
 3  167   -3.0  3.4239  196  10
 4  167    1.5  1.1119  196  11
 3  145   -2.0  2.5679  196  12
 4  167   -0.5  1.4826  196  13
 4  167   -4.5  3.3358  196  14
 3  167    5.0  3.4239  196  15
 0    1  -12.0  0.0500  195   1
 3  164   -2.0  1.9052  195   2
 4  190   14.0  0.7413  195   3
 5  167   -3.0  2.6521  195   4
 4  174   -8.5  1.1119  195   5
 3  174    6.0  2.5679  195   6
 0    1   14.0  0.0500  195   7
 0    1   -8.0  0.0500  195   8
 3   80   -7.0  3.4239  195   9
 3  167   -3.0  3.4239  195  10
 4  167    1.5  1.1119  195  11
 3  145   -2.0  2.5679  195  12
 4  167   -0.5  1.4826  195  13
 4  167   -4.5  3.3358  195  14
 3  167    5.0  3.4239  195  15
 0    1  -12.0  0.0500  194   1
 3  164   -2.0  1.9052  194   2
 2    1    8.0  1.7119  194   3
 5  167   -3.0  2.6521  194   4
 4  174   -8.5  1.1119  194   5
 3  174    6.0  2.5679  194   6
 0    1   14.0  0.0500  194   7
 0    1   -8.0  0.0500  194   8
 3  220   -7.0  1.7119  194   9
 3  167   -3.0  3.4239  194  10
 4  167    1.5  1.1119  194  11
 3  145   -2.0  2.5679  194  12
 4  167   -0.5  1.4826  194  13
 4  167   -4.5  3.3358  194  14
 3  167    5.0  3.4239  194  15
 0    1  -12.0  0.0500  193   1
 3  164   -2.0  1.9052  193   2
 1    1    7.0  3.0000  193   3
 4  165   -3.5  2.5945  193   4
 3  174   -7.0  2.5679  193   5
 3  174    6.0  2.5679  193   6
 0    1   14.0  0.0500  193   7
 0    1   -8.0  0.0500  193   8
 3  220   -7.0  1.7119  193   9
 3  115   -2.0  0.8560  193  10
 4  167    1.5  1.1119  193  11
 3  145   -2.0  2.5679  193  12
 4  165    0.0  0.3706  193  13
 4  165   -4.5  2.9652  193  14
 3  167    5.0  3.4239  193  15
 0    1  -12.0  0.0500  192   1
 3  164   -2.0  1.9052  192   2
 1    1    7.0  3.0000  192   3
 3  165    0.0  0.8560  192   4
 2    1   -7.0  0.8560  192   5
 3  174    6.0  2.5679  192   6
 0    1   14.0  0.0500  192   7
 0    1   -8.0  0.0500  192   8
 3  220   -7.0  1.7119  192   9
 3  115   -2.0  0.8560  192  10
 4  167    1.5  1.1119  192  11
 2    1    0.0  1.7119  192  12
 3  165    0.0  0.8560  192  13
 3  165   -8.0  0.8560  192  14
 3  162    9.0  3.4239  192  15
 0    1  -12.0  0.0500  191   1
 3  164   -2.0  1.9052  191   2
 0    1    8.0  0.0500  191   3
 3  165    0.0  0.8560  191   4
 2    1   -7.0  0.8560  191   5
 3  174    6.0  2.5679  191   6
 0    1   14.0  0.0500  191   7
 0    1   -8.0  0.0500  191   8
 3  220   -7.0  1.7119  191   9
 3  115   -2.0  0.8560  191  10
 5  147    1.0  1.3261  191  11
 2    1    0.0  1.7119  191  12
 3  165    0.0  0.8560  191  13
 3  165   -8.0  0.8560  191  14
 3  162    9.0  3.4239  191  15
 0    1  -12.0  0.0500  190   1
 3  164   -2.0  1.9052  190   2
 0    1    8.0  0.0500  190   3
 3  165    0.0  0.8560  190   4
 2    1   -7.0  0.8560  190   5
 3  174    6.0  2.5679  190   6
 0    1   14.0  0.0500  190   7
 0    1   -8.0  0.0500  190   8
 3  220   -7.0  1.7119  190   9
 3  115   -2.0  0.8560  190  10
 5  147    1.0  1.3261  190  11
 2    1    0.0  1.7119  190  12
 3  165    0.0  0.8560  190  13
 3  165   -8.0  0.8560  190  14
 3  162    9.0  3.4239  190  15
 0    1  -12.0  0.0500  189   1
 3  164   -2.0  1.9052  189   2
 0    1    8.0  0.0500  189   3
 3  165    0.0  0.8560  189   4
 2    1   -7.0  0.8560  189   5
 3  174    6.0  2.5679  189   6
 0    1   14.0  0.0500  189   7
 0    1   -8.0  0.0500  189   8
 3  220   -7.0  1.7119  189   9
 3  115   -2.0  0.8560  189  10
 5  147    1.0  1.3261  189  11
 2    1    0.0  1.7119  189  12
 3  165    0.0  0.8560  189  13
 3  165   -8.0  0.8560  189  14
 3  162    9.0  3.4239  189  15
 0    1  -12.0  0.0500  188   1
 3  164   -2.0  1.9052  188   2
 0    1    8.0  0.0500  188   3
 3  165    0.0  0.8560  188   4
 2    1   -7.0  0.8560  188   5
 3  174    6.0  2.5679  188   6
 0    1   14.0  0.0500  188   7
 0    1   -8.0  0.0500  188   8
 3  220   -7.0  1.7119  188   9
 3  115   -2.0  0.8560  188  10
 5  147    1.0  1.3261  188  11
 2    1    0.0  1.7119  188  12
 3  165    0.0  0.8560  188  13
 3  165   -8.0  0.8560  188  14
 3  162    9.0  3.4239  188  15
 0    1  -12.0  0.0500  187   1
 3  164   -2.0  1.9052  187   2
 0    1    8.0  0.0500  187   3
 3  165    0.0  0.8560  187   4
 2    1   -7.0  0.8560  187   5
 3  174    6.0  2.5679  187   6
 0    1   14.0  0.0500  187   7
 0    1   -8.0  0.0500  187   8
 3  220   -7.0  1.7119  187   9
 3  115   -2.0  0.8560  187  10
 5  147    1.0  1.3261  187  11
 2    1    0.0  1.7119  187  12
 3  165    0.0  0.8560  187  13
 3  165   -8.0  0.8560  187  14
 3  162    9.0  3.4239  187  15
 0    1  -12.0  0.0500  186   1
 3  164   -2.0  1.9052  186   2
 0    1    8.0  0.0500  186   3
 3  165    0.0  0.8560  186   4
 2    1   -7.0  0.8560  186   5
 3  174    6.0  2.5679  186   6
 0    1   14.0  0.0500  186   7
 0    1   -8.0  0.0500  186   8
 3  220   -7.0  1.7119  186   9
 3  115   -2.0  0.8560  186  10
 5  147    1.0  1.3261  186  11
 2    1    0.0  1.7119  186  12
 3  165    0.0  0.8560  186  13
 3  165   -8.0  0.8560  186  14
 3  162    9.0  3.4239  186  15
 0    1  -12.0  0.0500  185   1
 3  164   -2.0  1.9052  185   2
 0    1    8.0  0.0500  185   3
 3  165    0.0  0.8560  185   4
 2    1   -7.0  0.8560  185   5
 3  174    6.0  2.5679  185   6
 0    1   14.0  0.0500  185   7
 0    1   -8.0  0.0500  185   8
 3  220   -7.0  1.7119  185   9
 3  115   -2.0  0.8560  185  10
 5  147    1.0  1.3261  185  11
 2    1    0.0  1.7119  185  12
 3  165    0.0  0.8560  185  13
 3  165   -8.0  0.8560  185  14
 3  162    9.0  3.4239  185  15
 0    1  -12.0  0.0500  184   1
 3  164   -2.0  1.9052  184   2
 0    1    8.0  0.0500  184   3
 3  165    0.0  0.8560  184   4
 2    1   -7.0  0.8560  184   5
 3  174    6.0  2.5679  184   6
 0    1   14.0  0.0500  184   7
 0    1   -8.0  0.0500  184   8
 3  220   -7.0  1.7119  184   9
 3  115   -2.0  0.8560  184  10
 5  147    1.0  1.3261  184  11
 2    1    0.0  1.7119  184  12
 3  165    0.0  0.8560  184  13
 3  165   -8.0  0.8560  184  14
 3  162    9.0  3.4239  184  15
 0    1  -12.0  0.0500  183   1
 3  164   -2.0  1.9052  183   2
 0    1    8.0  0.0500  183   3
 3  165    0.0  0.8560  183   4
 2    1   -7.0  0.8560  183   5
 3  174    6.0  2.5679  183   6
 0    1   14.0  0.0500  183   7
 0    1   -8.0  0.0500  183   8
 3  220   -7.0  1.7119  183   9
 3  115   -2.0  0.8560  183  10
 5  147    1.0  1.3261  183  11
 2    1    0.0  1.7119  183  12
 3  165    0.0  0.8560  183  13
 3  165   -8.0  0.8560  183  14
 3  162    9.0  3.4239  183  15
 0    1  -12.0  0.0500  182   1
 3  164   -2.0  1.9052  182   2
 0    1    8.0  0.0500  182   3
 3  165    0.0  0.8560  182   4
 2    1   -7.0  0.8560  182   5
 3  174    6.0  2.5679  182   6
 0    1   14.0  0.0500  182   7
 0    1   -8.0  0.0500  182   8
 3  220   -7.0  1.7119  182   9
 3  115   -2.0  0.8560  182  10
 5  147    1.0  1.3261  182  11
 2    1    0.0  1.7119  182  12
 3  165    0.0  0.8560  182  13
 3  165   -8.0  0.8560  182  14
 3  162    9.0  3.4239  182  15
 0    1  -12.0  0.0500  181   1
 3  164   -2.0  1.9052  181   2
 0    1    8.0  0.0500  181   3
 3  165    0.0  0.8560  181   4
 2    1   -7.0  0.8560  181   5
 3  174    6.0  2.5679  181   6
 0    1   14.0  0.0500  181   7
 0    1   -8.0  0.0500  181   8
 3  220   -7.0  1.7119  181   9
 3  115   -2.0  0.8560  181  10
 5  147    1.0  1.3261  181  11
 2    1    0.0  1.7119  181  12
 3  165    0.0  0.8560  181  13
 3  165   -8.0  0.8560  181  14
 3  162    9.0  3.4239  181  15
 0    1  -12.0  0.0500  180   1
 3  164   -2.0  1.9052  180   2
 0    1    8.0  0.0500  180   3
 3  165    0.0  0.8560  180   4
 1    1   -7.5  3.0000  180   5
 3  174    6.0  2.5679  180   6
 0    1   14.0  0.0500  180   7
 0    1   -8.0  0.0500  180   8
 3  220   -7.0  1.7119  180   9
 3  115   -2.0  0.8560  180  10
 4  147    1.5  1.1119  180  11
 2    1    0.0  1.7119  180  12
 3  165    0.0  0.8560  180  13
 3  165   -8.0  0.8560  180  14
 3  162    9.0  3.4239  180  15
 0    1  -12.0  0.0500  179   1
 3  164   -2.0  1.9052  179   2
 0    1    8.0  0.0500  179   3
 3  117   -7.0  0.8560  179   4
 1    1   -7.5  3.0000  179   5
 3  174    6.0  2.5679  179   6
 0    1   14.0  0.0500  179   7
 0    1   -8.0  0.0500  179   8
 3  220   -7.0  1.7119  179   9
 3  115   -2.0  0.8560  179  10
 4  147    1.5  1.1119  179  11
 2    1    0.0  1.7119  179  12
 3  165    0.0  0.8560  179  13
 3  165   -8.0  0.8560  179  14
 3  162    9.0  3.4239  179  15
 0    1  -12.0  0.0500  178   1
 3  164   -2.0  1.9052  178   2
 0    1    8.0  0.0500  178   3
 3  117   -7.0  0.8560  178   4
 1    1   -7.5  3.0000  178   5
 3  174    6.0  2.5679  178   6
 0    1   14.0  0.0500  178   7
 0    1   -8.0  0.0500  178   8
 3  220   -7.0  1.7119  178   9
 3  115   -2.0  0.8560  178  10
 5  134    2.0  0.6630  178  11
 2    1    0.0  1.7119  178  12
 3  165    0.0  0.8560  178  13
 3  165   -8.0  0.8560  178  14
 3  162    9.0  3.4239  178  15
 0    1  -12.0  0.0500  177   1
 3  164   -2.0  1.9052  177   2
 0    1    8.0  0.0500  177   3
 3  117   -7.0  0.8560  177   4
 1    1   -7.5  3.0000  177   5
 3  174    6.0  2.5679  177   6
 0    1   14.0  0.0500  177   7
 0    1   -8.0  0.0500  177   8
 3  220   -7.0  1.7119  177   9
 3  115   -2.0  0.8560  177  10
 5  134    2.0  0.6630  177  11
 2    1    0.0  1.7119  177  12
 3  165    0.0  0.8560  177  13
 3  165   -8.0  0.8560  177  14
 3  162    9.0  3.4239  177  15
 0    1  -12.0  0.0500  176   1
 3  164   -2.0  1.9052  176   2
 0    1    8.0  0.0500  176   3
 3  117   -7.0  0.8560  176   4
 1    1   -7.5  3.0000  176   5
 3  174    6.0  2.5679  176   6
 0    1   14.0  0.0500  176   7
 0    1   -8.0  0.0500  176   8
 3  220   -7.0  1.7119  176   9
 3  115   -2.0  0.8560  176  10
 5  134    2.0  0.6630  176  11
 2    1    0.0  1.7119  176  12
 3  165    0.0  0.8560  176  13
 3  165   -8.0  0.8560  176  14
 3  162    9.0  3.4239  176  15
 0    1  -12.0  0.0500  175   1
 3  160   -2.0  3.4239  175   2
 0    1    8.0  0.0500  175   3
 3  117   -7.0  0.8560  175   4
 1    1   -7.5  3.0000  175   5
 3  174    6.0  2.5679  175   6
 0    1   14.0  0.0500  175   7
 0    1   -8.0  0.0500  175   8
 3  220   -7.0  1.7119  175   9
 3  115   -2.0  0.8560  175  10
 5  134    2.0  0.6630  175  11
 2    1    0.0  1.7119  175  12
 3  160    0.0  2.5679  175  13
 3  160   -8.0  0.8560  175  14
 3  160    9.0  0.8560  175  15
 0    1  -12.0  0.0500  174   1
 3  160   -2.0  3.4239  174   2
 0    1    8.0  0.0500  174   3
 3  117   -7.0  0.8560  174   4
 1    1   -7.5  3.0000  174   5
 3  174    6.0  2.5679  174   6
 0    1   14.0  0.0500  174   7
 0    1   -8.0  0.0500  174   8
 3  220   -7.0  1.7119  174   9
 3  115   -2.0  0.8560  174  10
 5  134    2.0  0.6630  174  11
 2    1    0.0  1.7119  174  12
 3  160    0.0  2.5679  174  13
 3  160   -8.0  0.8560  174  14
 3  160    9.0  0.8560  174  15
 0    1  -12.0  0.0500  173   1
 3  160   -2.0  3.4239  173   2
 0    1    8.0  0.0500  173   3
 3  117   -7.0  0.8560  173   4
 1    1   -7.5  3.0000  173   5
 3  174    6.0  2.5679  173   6
 0    1   14.0  0.0500  173   7
 0    1   -8.0  0.0500  173   8
 3  220   -7.0  1.7119  173   9
 3  115   -2.0  0.8560  173  10
 5  134    2.0  0.6630  173  11
 2    1    0.0  1.7119  173  12
 3  160    0.0  2.5679  173  13
 3  160   -8.0  0.8560  173  14
 3  160    9.0  0.8560  173  15
 0    1  -12.0  0.0500  172   1
 3   69   -1.0  2.5679  172   2
 0    1    8.0  0.0500  172   3
 3  117   -7.0  0.8560  172   4
 1    1   -7.5  3.0000  172   5
 3  174    6.0  2.5679  172   6
 0    1   14.0  0.0500  172   7
 0    1   -8.0  0.0500  172   8
 3  220   -7.0  1.7119  172   9
 3  103   -3.0  0.8560  172  10
 4  134    2.5  0.7413  172  11
 1    1    1.0  3.0000  172  12
 3   46   -4.0  1.0887  172  13
 3   66   -9.0  3.4239  172  14
 3  104   10.0  0.2722  172  15
 0    1  -12.0  0.0500  171   1
 3   69    0.0  0.8560  171   2
 0    1    8.0  0.0500  171   3
 3   63   -8.0  3.4239  171   4
 1    1   -7.5  3.0000  171   5
 3  174    6.0  2.5679  171   6
 0    1   14.0  0.0500  171   7
 0    1   -8.0  0.0500  171   8
 3  220   -7.0  1.7119  171   9
 3  103   -3.0  0.8560  171  10
 4  134    2.5  0.7413  171  11
 1    1    1.0  3.0000  171  12
 3   46   -4.0  1.3608  171  13
 3   66   -3.0  1.7119  171  14
 3  104   10.0  0.2722  171  15
 0    1  -12.0  0.0500  170   1
 3   69    0.0  0.8560  170   2
 0    1    8.0  0.0500  170   3
 3   63   -8.0  3.4239  170   4
 1    1   -7.5  3.0000  170   5
 3  174    6.0  2.5679  170   6
 0    1   14.0  0.0500  170   7
 0    1   -8.0  0.0500  170   8
 3  220   -7.0  1.7119  170   9
 3  103   -3.0  0.8560  170  10
 4  134    2.5  0.7413  170  11
 1    1    1.0  3.0000  170  12
 3   46   -4.0  1.3608  170  13
 3   66   -3.0  1.7119  170  14
 3  104   10.0  0.2722  170  15
 0    1  -12.0  0.0500  169   1
 3   69    0.0  0.8560  169   2
 0    1    8.0  0.0500  169   3
 3   63   -8.0  3.4239  169   4
 1    1   -7.5  3.0000  169   5
 3  174    6.0  2.5679  169   6
 0    1   14.0  0.0500  169   7
 0    1   -8.0  0.0500  169   8
 3  220   -7.0  1.7119  169   9
 3  103   -3.0  0.8560  169  10
 4  134    2.5  0.7413  169  11
 1    1    1.0  3.0000  169  12
 3   46   -4.0  1.3608  169  13
 3   66   -3.0  1.7119  169  14
 3  104   10.0  0.2722  169  15
 0    1  -12.0  0.0500  168   1
 3   69    0.0  0.8560  168   2
 0    1    8.0  0.0500  168   3
 3   63   -8.0  3.4239  168   4
 1    1   -7.5  3.0000  168   5
 3  174    6.0  2.5679  168   6
 0    1   14.0  0.0500  168   7
 0    1   -8.0  0.0500  168   8
 3  220   -7.0  1.7119  168   9
 3  103   -3.0  0.8560  168  10
 4  134    2.0  0.3706  168  11
 1    1    1.0  3.0000  168  12
 3   46   -4.0  1.3608  168  13
 3   66   -3.0  1.7119  168  14
 3  104   10.0  0.2722  168  15
 0    1  -12.0  0.0500  167   1
 3   69    0.0  0.8560  167   2
 0    1    8.0  0.0500  167   3
 3   63   -8.0  3.4239  167   4
 1    1   -7.5  3.0000  167   5
 3  174    6.0  2.5679  167   6
 0    1   14.0  0.0500  167   7
 0    1   -8.0  0.0500  167   8
 3  220   -7.0  1.7119  167   9
 3  103   -3.0  0.8560  167  10
 4  134    2.0  0.3706  167  11
 1    1    1.0  3.0000  167  12
 3   46   -4.0  1.3608  167  13
 3   66   -3.0  1.7119  167  14
 3  104   10.0  0.2722  167  15
 0    1  -12.0  0.0500  166   1
 3   69    0.0  0.8560  166   2
 0    1    8.0  0.0500  166   3
 3   63   -8.0  3.4239  166   4
 1    1   -7.5  3.0000  166   5
 3  174    6.0  2.5679  166   6
 0    1   14.0  0.0500  166   7
 0    1   -8.0  0.0500  166   8
 3  220   -7.0  1.7119  166   9
 3  103   -3.0  0.8560  166  10
 4  134    2.0  0.3706  166  11
 1    1    1.0  3.0000  166  12
 3   46   -4.0  1.3608  166  13
 3   66   -3.0  1.7119  166  14
 3  104   10.0  0.2722  166  15
 0    1  -12.0  0.0500  165   1
 3   69    0.0  0.8560  165   2
 0    1    8.0  0.0500  165   3
 3   63   -8.0  3.4239  165   4
 0    1   -8.0  0.0500  165   5
 3  174    6.0  2.5679  165   6
 0    1   14.0  0.0500  165   7
 0    1   -8.0  0.0500  165   8
 3  220   -7.0  1.7119  165   9
 3  103   -3.0  0.8560  165  10
 4  134    2.0  0.3706  165  11
 1    1    1.0  3.0000  165  12
 3   46   -4.0  1.3608  165  13
 3   66   -3.0  1.7119  165  14
 3  104   10.0  0.2722  165  15
 0    1  -12.0  0.0500  164   1
 3   69    0.0  0.8560  164   2
 0    1    8.0  0.0500  164   3
 3   63   -8.0  3.4239  164   4
 0    1   -8.0  0.0500  164   5
 3  174    6.0  2.5679  164   6
 0    1   14.0  0.0500  164   7
 0    1   -8.0  0.0500  164   8
 3  220   -7.0  1.7119  164   9
 3  103   -3.0  0.8560  164  10
 4  134    2.0  0.3706  164  11
 1    1    1.0  3.0000  164  12
 3   46   -4.0  1.3608  164  13
 3   66   -3.0  1.7119  164  14
 3   92   10.0  1.6330  164  15
 0    1  -12.0  0.0500  163   1
 3   69    0.0  0.8560  163   2
 0    1    8.0  0.0500  163   3
 3   63   -8.0  3.4239  163   4
 0    1   -8.0  0.0500  163   5
 3  174    6.0  2.5679  163   6
 0    1   14.0  0.0500  163   7
 0    1   -8.0  0.0500  163   8
 3  220   -7.0  1.7119  163   9
 3  103   -3.0  0.8560  163  10
 4  134    2.0  0.3706  163  11
 1    1    1.0  3.0000  163  12
 3   46   -4.0  1.3608  163  13
 3   66   -3.0  1.7119  163  14
 3   92   10.0  1.6330  163  15
 0    1  -12.0  0.0500  162   1
 3   69    0.0  0.8560  162   2
 0    1    8.0  0.0500  162   3
 3   63   -8.0  3.4239  162   4
 0    1   -8.0  0.0500  162   5
 3  174    6.0  2.5679  162   6
 0    1   14.0  0.0500  162   7
 0    1   -8.0  0.0500  162   8
 3  220   -7.0  1.7119  162   9
 3  103   -3.0  0.8560  162  10
 4  134    2.0  0.3706  162  11
 1    1    1.0  3.0000  162  12
 3   46   -4.0  1.3608  162  13
 3   66   -3.0  1.7119  162  14
 3   92   10.0  1.6330  162  15
 0    1  -12.0  0.0500  161   1
 3   69   -1.0  0.8560  161   2
 0    1    8.0  0.0500  161   3
 3   63   -8.0  3.4239  161   4
 0    1   -8.0  0.0500  161   5
 3  174    6.0  2.5679  161   6
 0    1   14.0  0.0500  161   7
 0    1   -8.0  0.0500  161   8
 3  220   -7.0  1.7119  161   9
 3  103   -3.0  0.8560  161  10
 3  134    2.0  0.8165  161  11
 1    1    1.0  3.0000  161  12
 3   46    0.0  0.8560  161  13
 3   66   -3.0  1.7119  161  14
 4   88    8.0  1.1119  161  15
 0    1  -12.0  0.0500  160   1
 3   69   -1.0  0.8560  160   2
 0    1    8.0  0.0500  160   3
 3   63   -8.0  3.4239  160   4
 0    1   -8.0  0.0500  160   5
 3  174    6.0  2.5679  160   6
 0    1   14.0  0.0500  160   7
 0    1   -8.0  0.0500  160   8
 3  220   -7.0  1.7119  160   9
 3  103   -3.0  0.8560  160  10
 3  134    2.0  0.8165  160  11
 1    1    1.0  3.0000  160  12
 3   46    0.0  0.8560  160  13
 3   66   -3.0  1.7119  160  14
 4   88    8.0  1.1119  160  15
 0    1  -12.0  0.0500  159   1
 3   69   -1.0  0.8560  159   2
 0    1    8.0  0.0500  159   3
 3   63   -8.0  3.4239  159   4
 0    1   -8.0  0.0500  159   5
 3  174    6.0  2.5679  159   6
 0    1   14.0  0.0500  159   7
 0    1   -8.0  0.0500  159   8
 3  220   -7.0  1.7119  159   9
 3  103   -3.0  0.8560  159  10
 3  134    2.0  0.8165  159  11
 1    1    1.0  3.0000  159  12
 3   46    0.0  0.8560  159  13
 3   66   -3.0  1.7119  159  14
 4   88    8.0  1.1119  159  15
 0    1  -12.0  0.0500  158   1
 3   69   -1.0  0.8560  158   2
 0    1    8.0  0.0500  158   3
 3   63   -8.0  3.4239  158   4
 0    1   -8.0  0.0500  158   5
 3  174    6.0  2.5679  158   6
 0    1   14.0  0.0500  158   7
 0    1   -8.0  0.0500  158   8
 3  220   -7.0  1.7119  158   9
 3  103   -3.0  0.8560  158  10
 3  134    2.0  0.8165  158  11
 1    1    1.0  3.0000  158  12
 3   46    0.0  0.8560  158  13
 3   66   -3.0  1.7119  158  14
 4   88    8.0  1.1119  158  15
 0    1  -12.0  0.0500  157   1
 3   69   -1.0  0.8560  157   2
 0    1    8.0  0.0500  157   3
 3   63   -8.0  1.7119  157   4
 0    1   -8.0  0.0500  157   5
 3  174    6.0  2.5679  157   6
 0    1   14.0  0.0500  157   7
 0    1   -8.0  0.0500  157   8
 3  220   -7.0  1.7119  157   9
 3  103   -3.0  0.8560  157  10
 3  134    2.0  0.8165  157  11
 1    1    1.0  3.0000  157  12
 3   46    0.0  0.8560  157  13
 3  282   -7.0  5.1358  157  14
 4   88    8.0  1.1119  157  15
 0    1  -12.0  0.0500  156   1
 3   69   -1.0  0.8560  156   2
 0    1    8.0  0.0500  156   3
 3   63   -8.0  1.7119  156   4
 0    1   -8.0  0.0500  156   5
 3  174    6.0  2.5679  156   6
 0    1   14.0  0.0500  156   7
 0    1   -8.0  0.0500  156   8
 3  220   -7.0  1.7119  156   9
 3  103   -3.0  0.8560  156  10
 3  134    2.0  0.8165  156  11
 1    1    1.0  3.0000  156  12
 3   46    0.0  0.8560  156  13
 3  282   -7.0  5.1358  156  14
 4   88    8.0  1.1119  156  15
 0    1  -12.0  0.0500  155   1
 3   69   -1.0  0.8560  155   2
 0    1    8.0  0.0500  155   3
 3   63   -8.0  1.7119  155   4
 0    1   -8.0  0.0500  155   5
 3  174    6.0  2.5679  155   6
 0    1   14.0  0.0500  155   7
 0    1   -8.0  0.0500  155   8
 3  220   -7.0  1.7119  155   9
 3  103   -3.0  0.8560  155  10
 3  134    2.0  0.8165  155  11
 1    1    1.0  3.0000  155  12
 3   46    0.0  0.8560  155  13
 3  282   -7.0  5.1358  155  14
 4   88    8.0  1.1119  155  15
 0    1  -12.0  0.0500  154   1
 3   69   -1.0  0.8560  154   2
 0    1    8.0  0.0500  154   3
 3   63   -8.0  1.7119  154   4
 0    1   -8.0  0.0500  154   5
 3  174    6.0  2.5679  154   6
 0    1   14.0  0.0500  154   7
 0    1   -8.0  0.0500  154   8
 3  220   -7.0  1.7119  154   9
 3  103   -3.0  0.8560  154  10
 3  134    2.0  0.8165  154  11
 1    1    1.0  3.0000  154  12
 3   46    0.0  0.8560  154  13
 3  282   -7.0  5.1358  154  14
 4   88    8.0  1.1119  154  15
 0    1  -12.0  0.0500  153   1
 3   69   -1.0  0.8560  153   2
 0    1    8.0  0.0500  153   3
 3   63   -8.0  1.7119  153   4
 0    1   -8.0  0.0500  153   5
 3  174    6.0  2.5679  153   6
 0    1   14.0  0.0500  153   7
 0    1   -8.0  0.0500  153   8
 3  220   -7.0  1.7119  153   9
 3  103   -3.0  0.8560  153  10
 3  134    2.0  0.8165  153  11
 1    1    1.0  3.0000  153  12
 3   46    0.0  0.8560  153  13
 3  282   -7.0  5.1358  153  14
 4   88    8.0  1.1119  153  15
 0    1  -12.0  0.0500  152   1
 3   69   -1.0  0.8560  152   2
 0    1    8.0  0.0500  152   3
 3   63   -8.0  1.7119  152   4
 0    1   -8.0  0.0500  152   5
 3  174    6.0  2.5679  152   6
 0    1   14.0  0.0500  152   7
 0    1   -8.0  0.0500  152   8
 3  220   -7.0  1.7119  152   9
 3  103   -3.0  0.8560  152  10
 3  134    2.0  0.8165  152  11
 1    1    1.0  3.0000  152  12
 3   46    0.0  0.8560  152  13
 3  282   -7.0  5.1358  152  14
 4   88    8.0  1.1119  152  15
 0    1  -12.0  0.0500  151   1
 3   69   -1.0  0.8560  151   2
 0    1    8.0  0.0500  151   3
 3   63   -8.0  1.7119  151   4
 0    1   -8.0  0.0500  151   5
 3  174    6.0  2.5679  151   6
 0    1   14.0  0.0500  151   7
 0    1   -8.0  0.0500  151   8
 3  220   -7.0  1.7119  151   9
 3  103   -3.0  0.8560  151  10
 3  134    2.0  0.8165  151  11
 1    1    1.0  3.0000  151  12
 3   46    0.0  0.8560  151  13
 3  282   -7.0  5.1358  151  14
 4   88    8.0  1.1119  151  15
 0    1  -12.0  0.0500  150   1
 3   69   -1.0  0.8560  150   2
 0    1    8.0  0.0500  150   3
 3   63   -8.0  1.7119  150   4
 0    1   -8.0  0.0500  150   5
 3  174    6.0  2.5679  150   6
 0    1   14.0  0.0500  150   7
 0    1   -8.0  0.0500  150   8
 3  220   -7.0  1.7119  150   9
 3  103   -3.0  0.8560  150  10
 4  103    0.5  1.1119  150  11
 1    1    1.0  3.0000  150  12
 3   46    0.0  0.8560  150  13
 3  282   -7.0  5.1358  150  14
 4   88    8.0  1.1119  150  15
 0    1  -12.0  0.0500  149   1
 3   69   -1.0  0.8560  149   2
 0    1    8.0  0.0500  149   3
 3   63   -8.0  1.7119  149   4
 0    1   -8.0  0.0500  149   5
 3  174    6.0  2.5679  149   6
 0    1   14.0  0.0500  149   7
 0    1   -8.0  0.0500  149   8
 3  220   -7.0  1.7119  149   9
 3  103   -3.0  0.8560  149  10
 4  103    0.5  1.1119  149  11
 1    1    1.0  3.0000  149  12
 3   46    0.0  0.8560  149  13
 3  282   -7.0  5.1358  149  14
 4   88    8.0  1.1119  149  15
 0    1  -12.0  0.0500  148   1
 3   69   -1.0  0.8560  148   2
 0    1    8.0  0.0500  148   3
 3   63   -8.0  1.7119  148   4
 0    1   -8.0  0.0500  148   5
 3  174    6.0  2.5679  148   6
 0    1   14.0  0.0500  148   7
 0    1   -8.0  0.0500  148   8
 3  220   -7.0  1.7119  148   9
 3  103   -3.0  0.8560  148  10
 4  103    0.5  1.1119  148  11
 1    1    1.0  3.0000  148  12
 3   46    0.0  0.8560  148  13
 3  282   -7.0  5.1358  148  14
 4   88    8.0  1.1119  148  15
 0    1  -12.0  0.0500  147   1
 3   69   -1.0  0.8560  147   2
 0    1    8.0  0.0500  147   3
 3   63   -8.0  1.7119  147   4
 0    1   -8.0  0.0500  147   5
 3  174    6.0  2.5679  147   6
 0    1   14.0  0.0500  147   7
 0    1   -8.0  0.0500  147   8
 3  220   -7.0  1.7119  147   9
 3  103   -3.0  0.8560  147  10
 3  103   -1.0  0.8560  147  11
 1    1    1.0  3.0000  147  12
 3   46    0.0  0.8560  147  13
 3  282   -7.0  5.1358  147  14
 4   88    8.0  1.1119  147  15
 0    1  -12.0  0.0500  146   1
 3   69   -1.0  0.8560  146   2
 0    1    8.0  0.0500  146   3
 3   63   -8.0  1.7119  146   4
 0    1   -8.0  0.0500  146   5
 3  174    6.0  2.5679  146   6
 0    1   14.0  0.0500  146   7
 0    1   -8.0  0.0500  146   8
 3  220   -7.0  1.7119  146   9
 3  103   -3.0  0.8560  146  10
 3  103   -1.0  0.8560  146  11
 0    1    0.0  0.0500  146  12
 3   46    0.0  0.8560  146  13
 3  282   -7.0  5.1358  146  14
 4   88    8.0  1.1119  146  15
 0    1  -12.0  0.0500  145   1
 3   69   -1.0  0.8560  145   2
 0    1    8.0  0.0500  145   3
 3   63   -8.0  1.7119  145   4
 0    1   -8.0  0.0500  145   5
 3  174    6.0  2.5679  145   6
 0    1   14.0  0.0500  145   7
 0    1   -8.0  0.0500  145   8
 3  220   -7.0  1.7119  145   9
 3  103   -3.0  0.8560  145  10
 3  103   -1.0  0.8560  145  11
 0    1    0.0  0.0500  145  12
 3   46    0.0  0.8560  145  13
 3  282   -7.0  5.1358  145  14
 4   88    8.0  1.1119  145  15
 0    1  -12.0  0.0500  144   1
 3   69   -1.0  0.8560  144   2
 0    1    8.0  0.0500  144   3
 3   63   -8.0  1.7119  144   4
 0    1   -8.0  0.0500  144   5
 3  174    6.0  2.5679  144   6
 0    1   14.0  0.0500  144   7
 0    1   -8.0  0.0500  144   8
 3  220   -7.0  1.7119  144   9
 3  103   -3.0  0.8560  144  10
 3  103   -1.0  0.8560  144  11
 0    1    0.0  0.0500  144  12
 3   46    0.0  0.8560  144  13
 3  282   -7.0  5.1358  144  14
 4   88    8.0  1.1119  144  15
 0    1  -12.0  0.0500  143   1
 3   69   -1.0  0.8560  143   2
 0    1    8.0  0.0500  143   3
 3   63   -8.0  1.7119  143   4
 0    1   -8.0  0.0500  143   5
 3  174    6.0  2.5679  143   6
 0    1   14.0  0.0500  143   7
 0    1   -8.0  0.0500  143   8
 3  220   -7.0  1.7119  143   9
 3  103   -4.0  0.5443  143  10
 3  103   -1.0  0.8560  143  11
 0    1    0.0  0.0500  143  12
 3   46    0.0  0.8560  143  13
 3  282   -7.0  5.1358  143  14
 4   88    8.0  1.1119  143  15
 0    1  -12.0  0.0500  142   1
 3   69   -1.0  0.8560  142   2
 0    1    8.0  0.0500  142   3
 3   63   -8.0  1.7119  142   4
 0    1   -8.0  0.0500  142   5
 3  174    6.0  2.5679  142   6
 0    1   14.0  0.0500  142   7
 0    1   -8.0  0.0500  142   8
 3  220   -7.0  1.7119  142   9
 3  103   -4.0  0.5443  142  10
 3  103   -1.0  0.8560  142  11
 0    1    0.0  0.0500  142  12
 3   46    0.0  0.8560  142  13
 3  282   -7.0  5.1358  142  14
 4   88    8.0  1.1119  142  15
 0    1  -12.0  0.0500  141   1
 3   69   -1.0  0.8560  141   2
 0    1    8.0  0.0500  141   3
 3   63   -8.0  1.7119  141   4
 0    1   -8.0  0.0500  141   5
 3  174    6.0  2.5679  141   6
 0    1   14.0  0.0500  141   7
 0    1   -8.0  0.0500  141   8
 3  220   -7.0  1.7119  141   9
 3  103   -4.0  0.5443  141  10
 3  103   -1.0  0.8560  141  11
 0    1    0.0  0.0500  141  12
 3   46    0.0  0.8560  141  13
 3  282   -7.0  5.1358  141  14
 4   88    8.0  1.1119  141  15
 0    1  -12.0  0.0500  140   1
 3   69   -1.0  0.8560  140   2
 0    1    8.0  0.0500  140   3
 3   63   -8.0  1.7119  140   4
 0    1   -8.0  0.0500  140   5
 3  174    6.0  2.5679  140   6
 0    1   14.0  0.0500  140   7
 0    1   -8.0  0.0500  140   8
 3  220   -7.0  1.7119  140   9
 3  103   -4.0  0.5443  140  10
 3  103   -1.0  0.8560  140  11
 0    1    0.0  0.0500  140  12
 3   46    0.0  0.8560  140  13
 3  282   -7.0  5.1358  140  14
 4   88    8.0  1.1119  140  15
 0    1  -12.0  0.0500  139   1
 3   69   -1.0  0.8560  139   2
 0    1    8.0  0.0500  139   3
 3   63   -8.0  1.7119  139   4
 0    1   -8.0  0.0500  139   5
 3  174    6.0  2.5679  139   6
 0    1   14.0  0.0500  139   7
 0    1   -8.0  0.0500  139   8
 3  220   -7.0  1.7119  139   9
 3  103   -4.0  0.5443  139  10
 3  103   -1.0  0.8560  139  11
 0    1    0.0  0.0500  139  12
 3   46    0.0  0.8560  139  13
 3  282   -7.0  5.1358  139  14
 4   88    8.0  1.1119  139  15
 0    1  -12.0  0.0500  138   1
 3   69   -1.0  0.8560  138   2
 0    1    8.0  0.0500  138   3
 3   63   -8.0  1.7119  138   4
 0    1   -8.0  0.0500  138   5
 3  174    6.0  2.5679  138   6
 0    1   14.0  0.0500  138   7
 0    1   -8.0  0.0500  138   8
 3  220   -7.0  1.7119  138   9
 3  103   -4.0  0.5443  138  10
 3  103   -1.0  0.8560  138  11
 0    1    0.0  0.0500  138  12
 3   46    0.0  0.8560  138  13
 3  282   -7.0  5.1358  138  14
 4   88    8.0  1.1119  138  15
 0    1  -12.0  0.0500  137   1
 3   69   -1.0  0.8560  137   2
 0    1    8.0  0.0500  137   3
 3   63   -8.0  1.7119  137   4
 0    1   -8.0  0.0500  137   5
 3  174    6.0  2.5679  137   6
 0    1   14.0  0.0500  137   7
 0    1   -8.0  0.0500  137   8
 3  220   -7.0  1.7119  137   9
 3  103   -4.0  0.5443  137  10
 3  103   -1.0  0.8560  137  11
 0    1    0.0  0.0500  137  12
 3   46    0.0  0.8560  137  13
 3  282   -7.0  5.1358  137  14
 4   88    8.0  1.1119  137  15
 0    1  -12.0  0.0500  136   1
 3  340   -1.0  0.8560  136   2
 0    1    8.0  0.0500  136   3
 3   63   -8.0  1.7119  136   4
 0    1   -8.0  0.0500  136   5
 3  174    6.0  2.5679  136   6
 0    1   14.0  0.0500  136   7
 0    1   -8.0  0.0500  136   8
 3  220   -7.0  1.7119  136   9
 3  103   -4.0  0.5443  136  10
 3   16   -2.0  0.8560  136  11
 0    1    0.0  0.0500  136  12
 3   46    0.0  0.8560  136  13
 3  282   -7.0  5.1358  136  14
 4   88    8.0  1.1119  136  15
 0    1  -12.0  0.0500  135   1
 3  340   -1.0  0.8560  135   2
 0    1    8.0  0.0500  135   3
 3   63   -8.0  1.7119  135   4
 0    1   -8.0  0.0500  135   5
 3  174    6.0  2.5679  135   6
 0    1   14.0  0.0500  135   7
 0    1   -8.0  0.0500  135   8
 3  220   -7.0  1.7119  135   9
 3  103   -4.0  0.5443  135  10
 3   16   -2.0  0.8560  135  11
 0    1    0.0  0.0500  135  12
 3   46    0.0  0.8560  135  13
 3  282   -7.0  5.1358  135  14
 4   88    8.0  1.1119  135  15
 0    1  -12.0  0.0500  134   1
 3  340   -1.0  0.8560  134   2
 0    1    8.0  0.0500  134   3
 3   63   -8.0  1.7119  134   4
 0    1   -8.0  0.0500  134   5
 3  174    6.0  2.5679  134   6
 0    1   14.0  0.0500  134   7
 0    1   -8.0  0.0500  134   8
 3  220   -7.0  1.7119  134   9
 3  103   -4.0  0.5443  134  10
 3   16   -2.0  0.8560  134  11
 0    1    0.0  0.0500  134  12
 3   46    0.0  0.8560  134  13
 3  282   -7.0  5.1358  134  14
 4   88    8.0  1.1119  134  15
 0    1  -12.0  0.0500  133   1
 3  340   -1.0  0.8560  133   2
 0    1    8.0  0.0500  133   3
 3   63   -8.0  1.7119  133   4
 0    1   -8.0  0.0500  133   5
 3  174    6.0  2.5679  133   6
 0    1   14.0  0.0500  133   7
 0    1   -8.0  0.0500  133   8
 3  220   -7.0  1.7119  133   9
 3  103   -4.0  0.5443  133  10
 3   16   -2.0  0.8560  133  11
 0    1    0.0  0.0500  133  12
 3   46    0.0  0.8560  133  13
 3  282   -7.0  5.1358  133  14
 4   88    8.0  1.1119  133  15
 0    1  -12.0  0.0500  132   1
 3  340   -1.0  0.8560  132   2
 0    1    8.0  0.0500  132   3
 3   63   -8.0  1.7119  132   4
 0    1   -8.0  0.0500  132   5
 3  174    6.0  2.5679  132   6
 0    1   14.0  0.0500  132   7
 0    1   -8.0  0.0500  132   8
 3  220   -7.0  1.7119  132   9
 3  103   -4.0  0.5443  132  10
 3   16   -2.0  0.8560  132  11
 0    1    0.0  0.0500  132  12
 3   46    0.0  0.8560  132  13
 3  282   -7.0  5.1358  132  14
 4   88    8.0  1.1119  132  15
 0    1  -12.0  0.0500  131   1
 3  340   -1.0  0.8560  131   2
 0    1    8.0  0.0500  131   3
 3   63   -8.0  1.7119  131   4
 0    1   -8.0  0.0500  131   5
 3  174    6.0  2.5679  131   6
 0    1   14.0  0.0500  131   7
 0    1   -8.0  0.0500  131   8
 3  220   -7.0  1.7119  131   9
 3  103   -4.0  0.5443  131  10
 3   16   -2.0  0.8560  131  11
 0    1    0.0  0.0500  131  12
 3   46    0.0  0.8560  131  13
 3  282   -7.0  5.1358  131  14
 4   88    8.0  1.1119  131  15
 0    1  -12.0  0.0500  130   1
 3  340   -1.0  0.8560  130   2
 0    1    8.0  0.0500  130   3
 3   63   -8.0  1.7119  130   4
 0    1   -8.0  0.0500  130   5
 3  174    6.0  2.5679  130   6
 0    1   14.0  0.0500  130   7
 0    1   -8.0  0.0500  130   8
 3  220   -7.0  1.7119  130   9
 3  103   -4.0  0.5443  130  10
 3   16   -2.0  0.8560  130  11
 0    1    0.0  0.0500  130  12
 3   46    0.0  0.8560  130  13
 3  282   -7.0  5.1358  130  14
 5   86    7.0  1.9891  130  15
 0    1  -12.0  0.0500  129   1
 3  340   -1.0  0.8560  129   2
 0    1    8.0  0.0500  129   3
 3   63   -8.0  1.7119  129   4
 0    1   -8.0  0.0500  129   5
 3  174    6.0  2.5679  129   6
 0    1   14.0  0.0500  129   7
 0    1   -8.0  0.0500  129   8
 3  220   -7.0  1.7119  129   9
 3  103   -4.0  0.5443  129  10
 3   16   -2.0  0.8560  129  11
 0    1    0.0  0.0500  129  12
 3   46    0.0  1.7119  129  13
 3  282   -9.0  1.7119  129  14
 5   86    7.0  1.9891  129  15
 0    1  -12.0  0.0500  128   1
 3  340   -1.0  0.8560  128   2
 0    1    8.0  0.0500  128   3
 3   63   -8.0  1.7119  128   4
 0    1   -8.0  0.0500  128   5
 3  174    6.0  2.5679  128   6
 0    1   14.0  0.0500  128   7
 0    1   -8.0  0.0500  128   8
 3  220   -7.0  1.7119  128   9
 3  103   -4.0  0.5443  128  10
 3   16   -2.0  0.8560  128  11
 0    1    0.0  0.0500  128  12
 3   46    0.0  1.7119  128  13
 3  282   -9.0  1.7119  128  14
 5   86    7.0  1.9891  128  15
 0    1  -12.0  0.0500  127   1
 3  340   -1.0  0.8560  127   2
 0    1    8.0  0.0500  127   3
 3   63   -8.0  1.7119  127   4
 0    1   -8.0  0.0500  127   5
 3  174    6.0  2.5679  127   6
 0    1   14.0  0.0500  127   7
 0    1   -8.0  0.0500  127   8
 3  220   -7.0  1.7119  127   9
 3  103   -4.0  0.5443  127  10
 3   16   -2.0  0.8560  127  11
 0    1    0.0  0.0500  127  12
 3   46    0.0  1.7119  127  13
 3  282   -9.0  1.7119  127  14
 5   86    7.0  1.9891  127  15
 0    1  -12.0  0.0500  126   1
 3  340   -1.0  0.8560  126   2
 0    1    8.0  0.0500  126   3
 3   63   -8.0  1.7119  126   4
 0    1   -8.0  0.0500  126   5
 3  174    6.0  2.5679  126   6
 0    1   14.0  0.0500  126   7
 0    1   -8.0  0.0500  126   8
 3  220   -7.0  1.7119  126   9
 3  103   -4.0  0.5443  126  10
 3   16   -2.0  0.8560  126  11
 0    1    0.0  0.0500  126  12
 3   46    0.0  1.7119  126  13
 3  282   -9.0  1.7119  126  14
 5   86    7.0  1.9891  126  15
 0    1  -12.0  0.0500  125   1
 3  340   -1.0  0.8560  125   2
 0    1    8.0  0.0500  125   3
 3   63   -8.0  1.7119  125   4
 0    1   -8.0  0.0500  125   5
 3  174    6.0  2.5679  125   6
 0    1   14.0  0.0500  125   7
 0    1   -8.0  0.0500  125   8
 3  220   -7.0  1.7119  125   9
 3  103   -4.0  0.5443  125  10
 3   16   -2.0  0.8560  125  11
 0    1    0.0  0.0500  125  12
 3   46    0.0  1.7119  125  13
 3  282   -9.0  1.7119  125  14
 5   86    7.0  1.9891  125  15
 0    1  -12.0  0.0500  124   1
 3  340   -1.0  0.8560  124   2
 0    1    8.0  0.0500  124   3
 3   63   -8.0  1.7119  124   4
 0    1   -8.0  0.0500  124   5
 3  174    6.0  2.5679  124   6
 0    1   14.0  0.0500  124   7
 0    1   -8.0  0.0500  124   8
 3  220   -7.0  1.7119  124   9
 3  103   -4.0  0.5443  124  10
 3   16   -2.0  0.8560  124  11
 0    1    0.0  0.0500  124  12
 3   46    0.0  1.7119  124  13
 3  282   -9.0  1.7119  124  14
 5   86    7.0  1.9891  124  15
 0    1  -12.0  0.0500  123   1
 3  340   -1.0  0.8560  123   2
 0    1    8.0  0.0500  123   3
 3   63   -8.0  1.7119  123   4
 0    1   -8.0  0.0500  123   5
 3  174    6.0  2.5679  123   6
 0    1   14.0  0.0500  123   7
 0    1   -8.0  0.0500  123   8
 3  220   -7.0  1.7119  123   9
 3  103   -4.0  0.5443  123  10
 3   16   -2.0  0.8560  123  11
 0    1    0.0  0.0500  123  12
 3   46    0.0  1.7119  123  13
 3  282   -9.0  1.7119  123  14
 5   86    7.0  1.9891  123  15
 0    1  -12.0  0.0500  122   1
 3  340   -1.0  0.8560  122   2
 0    1    8.0  0.0500  122   3
 3   63   -8.0  1.7119  122   4
 0    1   -8.0  0.0500  122   5
 3  174    6.0  2.5679  122   6
 0    1   14.0  0.0500  122   7
 0    1   -8.0  0.0500  122   8
 3  220   -7.0  1.7119  122   9
 3  103   -4.0  0.5443  122  10
 3   16   -2.0  0.8560  122  11
 0    1    0.0  0.0500  122  12
 3   46    0.0  1.7119  122  13
 3  282   -9.0  1.7119  122  14
 5   86    7.0  1.9891  122  15
 0    1  -12.0  0.0500  121   1
 3  340   -1.0  0.8560  121   2
 0    1    8.0  0.0500  121   3
 3   63   -8.0  1.7119  121   4
 0    1   -8.0  0.0500  121   5
 3  174    6.0  2.5679  121   6
 0    1   14.0  0.0500  121   7
 0    1   -8.0  0.0500  121   8
 3  220   -7.0  1.7119  121   9
 3  103   -4.0  0.5443  121  10
 3   16   -2.0  0.8560  121  11
 0    1    0.0  0.0500  121  12
 3   46    0.0  1.7119  121  13
 3  282   -9.0  1.7119  121  14
 5   86    7.0  1.9891  121  15
 0    1  -12.0  0.0500  120   1
 3  340   -1.0  0.8560  120   2
 0    1    8.0  0.0500  120   3
 3   63   -8.0  1.7119  120   4
 0    1   -8.0  0.0500  120   5
 3  174    6.0  2.5679  120   6
 0    1   14.0  0.0500  120   7
 0    1   -8.0  0.0500  120   8
 3  220   -7.0  1.7119  120   9
 3  103   -4.0  0.5443  120  10
 3   16   -2.0  0.8560  120  11
 0    1    0.0  0.0500  120  12
 3   46    0.0  1.7119  120  13
 3  282   -9.0  1.7119  120  14
 5   86    7.0  1.9891  120  15
 0    1  -12.0  0.0500  119   1
 3  340   -1.0  0.8560  119   2
 0    1    8.0  0.0500  119   3
 3   63   -8.0  1.7119  119   4
 0    1   -8.0  0.0500  119   5
 3  174    6.0  2.5679  119   6
 0    1   14.0  0.0500  119   7
 0    1   -8.0  0.0500  119   8
 3  220   -7.0  1.7119  119   9
 3  103   -4.0  0.5443  119  10
 3   16   -2.0  0.8560  119  11
 0    1    0.0  0.0500  119  12
 3   46    0.0  1.7119  119  13
 3  282   -9.0  1.7119  119  14
 5   86    7.0  1.9891  119  15
 0    1  -12.0  0.0500  118   1
 3  340   -1.0  0.8560  118   2
 0    1    8.0  0.0500  118   3
 2   63   -7.0  0.8560  118   4
 0    1   -8.0  0.0500  118   5
 3  174    6.0  2.5679  118   6
 0    1   14.0  0.0500  118   7
 0    1   -8.0  0.0500  118   8
 3  220   -7.0  1.7119  118   9
 3  103   -4.0  0.5443  118  10
 3   16   -2.0  0.8560  118  11
 0    1    0.0  0.0500  118  12
 3   46    1.0  0.8560  118  13
 3  282   -9.0  1.7119  118  14
 5   86    7.0  1.9891  118  15
 0    1  -12.0  0.0500  117   1
 3  340   -1.0  0.8560  117   2
 0    1    8.0  0.0500  117   3
 2   63   -7.0  0.8560  117   4
 0    1   -8.0  0.0500  117   5
 3  174    6.0  2.5679  117   6
 0    1   14.0  0.0500  117   7
 0    1   -8.0  0.0500  117   8
 3  220   -7.0  1.7119  117   9
 3  103   -4.0  0.5443  117  10
 3   16   -2.0  0.8560  117  11
 0    1    0.0  0.0500  117  12
 3   46    1.0  0.8560  117  13
 3  282   -9.0  1.7119  117  14
 5   86    7.0  1.9891  117  15
 0    1  -12.0  0.0500  116   1
 3  340   -1.0  0.8560  116   2
 0    1    8.0  0.0500  116   3
 2   63   -7.0  0.8560  116   4
 0    1   -8.0  0.0500  116   5
 3  174    6.0  2.5679  116   6
 0    1   14.0  0.0500  116   7
 0    1   -8.0  0.0500  116   8
 3  220   -7.0  1.7119  116   9
 3   69   -4.0  0.8165  116  10
 3   16   -2.0  0.8560  116  11
 0    1    0.0  0.0500  116  12
 3   46    1.0  0.8560  116  13
 3  282   -9.0  1.7119  116  14
 5   86    7.0  1.9891  116  15
 0    1  -12.0  0.0500  115   1
 3  340   -1.0  0.8560  115   2
 0    1    8.0  0.0500  115   3
 2   63   -7.0  0.8560  115   4
 0    1   -8.0  0.0500  115   5
 3  174    6.0  2.5679  115   6
 0    1   14.0  0.0500  115   7
 0    1   -8.0  0.0500  115   8
 3  220   -7.0  1.7119  115   9
 3   69   -5.0  0.8560  115  10
 3   16   -2.0  0.8560  115  11
 0    1    0.0  0.0500  115  12
 3   46    1.0  0.8560  115  13
 3  282   -9.0  1.7119  115  14
 5   86    7.0  1.9891  115  15
 0    1  -12.0  0.0500  114   1
 3  340   -1.0  0.8560  114   2
 0    1    8.0  0.0500  114   3
 2   63   -7.0  0.8560  114   4
 0    1   -8.0  0.0500  114   5
 3  174    6.0  2.5679  114   6
 0    1   14.0  0.0500  114   7
 0    1   -8.0  0.0500  114   8
 3  220   -7.0  1.7119  114   9
 3   69   -5.0  0.8560  114  10
 3   16   -2.0  0.8560  114  11
 0    1    0.0  0.0500  114  12
 3   46    1.0  0.8560  114  13
 3  282   -9.0  1.7119  114  14
 5   86    7.0  1.9891  114  15
 0    1  -12.0  0.0500  113   1
 3  340   -1.0  0.8560  113   2
 0    1    8.0  0.0500  113   3
 2   63   -7.0  0.8560  113   4
 0    1   -8.0  0.0500  113   5
 3  174    6.0  2.5679  113   6
 0    1   14.0  0.0500  113   7
 0    1   -8.0  0.0500  113   8
 3  220   -7.0  1.7119  113   9
 3   69   -5.0  0.8560  113  10
 3   16   -2.0  0.8560  113  11
 0    1    0.0  0.0500  113  12
 3   46    1.0  0.8560  113  13
 3  282   -9.0  1.7119  113  14
 5   86    7.0  1.9891  113  15
 0    1  -12.0  0.0500  112   1
 3  340   -1.0  0.8560  112   2
 0    1    8.0  0.0500  112   3
 2   63   -7.0  0.8560  112   4
 0    1   -8.0  0.0500  112   5
 3  174    6.0  2.5679  112   6
 0    1   14.0  0.0500  112   7
 0    1   -8.0  0.0500  112   8
 3  220   -7.0  1.7119  112   9
 3   69   -5.0  0.8560  112  10
 3   16   -2.0  0.8560  112  11
 0    1    0.0  0.0500  112  12
 3   46    1.0  0.8560  112  13
 3  282   -9.0  1.7119  112  14
 5   86    7.0  1.9891  112  15
 0    1  -12.0  0.0500  111   1
 3  340   -1.0  0.8560  111   2
 0    1    8.0  0.0500  111   3
 2   63   -7.0  0.8560  111   4
 0    1   -8.0  0.0500  111   5
 3  174    6.0  2.5679  111   6
 0    1   14.0  0.0500  111   7
 0    1   -8.0  0.0500  111   8
 3  220   -7.0  1.7119  111   9
 3   69   -5.0  0.8560  111  10
 3   16   -2.0  0.8560  111  11
 0    1    0.0  0.0500  111  12
 3   46    1.0  0.8560  111  13
 3  282   -9.0  1.7119  111  14
 5   86    7.0  1.9891  111  15
 0    1  -12.0  0.0500  110   1
 3  340   -1.0  0.8560  110   2
 0    1    8.0  0.0500  110   3
 2   63   -7.0  0.8560  110   4
 0    1   -8.0  0.0500  110   5
 3  174    6.0  2.5679  110   6
 0    1   14.0  0.0500  110   7
 0    1   -8.0  0.0500  110   8
 3  220   -7.0  1.7119  110   9
 3   69   -5.0  0.8560  110  10
 3   16   -2.0  0.8560  110  11
 0    1    0.0  0.0500  110  12
 3   46    1.0  0.8560  110  13
 3  282   -9.0  1.7119  110  14
 5   86    7.0  1.9891  110  15
 0    1  -12.0  0.0500  109   1
 3  340   -1.0  0.8560  109   2
 0    1    8.0  0.0500  109   3
 2   63   -7.0  0.8560  109   4
 0    1   -8.0  0.0500  109   5
 3  174    6.0  2.5679  109   6
 0    1   14.0  0.0500  109   7
 0    1   -8.0  0.0500  109   8
 3  220   -7.0  1.7119  109   9
 3   69   -5.0  0.8560  109  10
 3   16   -2.0  0.8560  109  11
 0    1    0.0  0.0500  109  12
 3   46    1.0  0.8560  109  13
 3  282   -9.0  1.7119  109  14
 5   86    7.0  1.9891  109  15
 0    1  -12.0  0.0500  108   1
 3  340   -1.0  0.8560  108   2
 0    1    8.0  0.0500  108   3
 2   63   -7.0  0.8560  108   4
 0    1   -8.0  0.0500  108   5
 3  174    6.0  2.5679  108   6
 0    1   14.0  0.0500  108   7
 0    1   -8.0  0.0500  108   8
 3  220   -7.0  1.7119  108   9
 3   69   -5.0  0.8560  108  10
 3   16   -4.0  1.7119  108  11
 0    1    0.0  0.0500  108  12
 3   46    1.0  0.8560  108  13
 3  282   -9.0  1.7119  108  14
 5   86    7.0  1.9891  108  15
 0    1  -12.0  0.0500  107   1
 3  340   -1.0  0.8560  107   2
 0    1    8.0  0.0500  107   3
 2   63   -7.0  0.8560  107   4
 0    1   -8.0  0.0500  107   5
 3  174    6.0  2.5679  107   6
 0    1   14.0  0.0500  107   7
 0    1   -8.0  0.0500  107   8
 3  220   -7.0  1.7119  107   9
 3   69   -5.0  0.8560  107  10
 3    5   -4.0  1.7119  107  11
 0    1    0.0  0.0500  107  12
 3   46    1.0  0.8560  107  13
 3  282   -9.0  1.7119  107  14
 5   86    7.0  1.9891  107  15
 0    1  -12.0  0.0500  106   1
 3  340   -1.0  0.8560  106   2
 0    1    8.0  0.0500  106   3
 2   63   -7.0  0.8560  106   4
 0    1   -8.0  0.0500  106   5
 3  174    6.0  2.5679  106   6
 0    1   14.0  0.0500  106   7
 0    1   -8.0  0.0500  106   8
 3  220   -7.0  1.7119  106   9
 2    1   -5.0  0.8560  106  10
 3    5   -4.0  1.7119  106  11
 0    1    0.0  0.0500  106  12
 3   46    1.0  0.8560  106  13
 3  282   -9.0  1.7119  106  14
 4   86    5.5  1.4826  106  15
 0    1  -12.0  0.0500  105   1
 3  340   -1.0  0.8560  105   2
 0    1    8.0  0.0500  105   3
 2   63   -7.0  0.8560  105   4
 0    1   -8.0  0.0500  105   5
 3  174    6.0  2.5679  105   6
 0    1   14.0  0.0500  105   7
 0    1   -8.0  0.0500  105   8
 3  220   -7.0  1.7119  105   9
 2    1   -5.0  0.8560  105  10
 3    5   -4.0  1.7119  105  11
 0    1    0.0  0.0500  105  12
 3   46    1.0  0.8560  105  13
 3  282   -9.0  1.7119  105  14
 4   86    5.5  1.4826  105  15
 0    1  -12.0  0.0500  104   1
 3  340   -1.0  0.8560  104   2
 0    1    8.0  0.0500  104   3
 2   63   -7.0  0.8560  104   4
 0    1   -8.0  0.0500  104   5
 3  174    6.0  2.5679  104   6
 0    1   14.0  0.0500  104   7
 0    1   -8.0  0.0500  104   8
 3  220   -7.0  1.7119  104   9
 2    1   -5.0  0.8560  104  10
 3    5   -4.0  1.7119  104  11
 0    1    0.0  0.0500  104  12
 3   46    1.0  0.8560  104  13
 3  282   -9.0  1.7119  104  14
 4   86    5.5  1.4826  104  15
 0    1  -12.0  0.0500  103   1
 3  340   -1.0  0.8560  103   2
 0    1    8.0  0.0500  103   3
 2   63   -7.0  0.8560  103   4
 0    1   -8.0  0.0500  103   5
 3  174    6.0  2.5679  103   6
 0    1   14.0  0.0500  103   7
 0    1   -8.0  0.0500  103   8
 3  220   -7.0  1.7119  103   9
 2    1   -5.0  0.8560  103  10
 3    5   -4.0  1.7119  103  11
 0    1    0.0  0.0500  103  12
 3   46    1.0  0.8560  103  13
 3  282   -9.0  1.7119  103  14
 4   86    5.5  1.4826  103  15
 0    1  -12.0  0.0500  102   1
 3  340   -1.0  3.8103  102   2
 0    1    8.0  0.0500  102   3
 2   63   -7.0  0.8560  102   4
 0    1   -8.0  0.0500  102   5
 3  174    6.0  2.5679  102   6
 0    1   14.0  0.0500  102   7
 0    1   -8.0  0.0500  102   8
 3  220   -7.0  1.7119  102   9
 2    1   -5.0  0.8560  102  10
 3    5   -4.0  1.7119  102  11
 0    1    0.0  0.0500  102  12
 3   46    1.0  0.8560  102  13
 3  282   -9.0  1.7119  102  14
 4   86    5.5  1.4826  102  15
 0    1  -12.0  0.0500  101   1
 3  340   -1.0  3.8103  101   2
 0    1    8.0  0.0500  101   3
 2   63   -7.0  0.8560  101   4
 0    1   -8.0  0.0500  101   5
 3  174    6.0  2.5679  101   6
 0    1   14.0  0.0500  101   7
 0    1   -8.0  0.0500  101   8
 3  220   -7.0  1.7119  101   9
 2    1   -5.0  0.8560  101  10
 3    5   -4.0  1.7119  101  11
 0    1    0.0  0.0500  101  12
 3   46    1.0  0.8560  101  13
 3  282   -9.0  1.7119  101  14
 4   86    5.5  1.4826  101  15
 0    1  -12.0  0.0500  100   1
 3  340   -1.0  3.8103  100   2
 0    1    8.0  0.0500  100   3
 2   63   -7.0  0.8560  100   4
 0    1   -8.0  0.0500  100   5
 3  174    6.0  2.5679  100   6
 0    1   14.0  0.0500  100   7
 0    1   -8.0  0.0500  100   8
 3  220   -7.0  1.7119  100   9
 2    1   -5.0  0.8560  100  10
 3    5   -4.0  1.7119  100  11
 0    1    0.0  0.0500  100  12
 3   46    1.0  0.8560  100  13
 3  282   -9.0  1.7119  100  14
 4   86    5.5  1.4826  100  15
 0    1  -12.0  0.0500   99   1
 3  340   -1.0  3.8103   99   2
 0    1    8.0  0.0500   99   3
 2   63   -7.0  0.8560   99   4
 0    1   -8.0  0.0500   99   5
 3  174    6.0  2.5679   99   6
 0    1   14.0  0.0500   99   7
 0    1   -8.0  0.0500   99   8
 3  220   -7.0  1.7119   99   9
 2    1   -5.0  0.8560   99  10
 3    5   -4.0  1.7119   99  11
 0    1    0.0  0.0500   99  12
 3   46    1.0  0.8560   99  13
 3  282   -9.0  1.7119   99  14
 4   86    5.5  1.4826   99  15
 0    1  -12.0  0.0500   98   1
 3  340   -1.0  3.8103   98   2
 0    1    8.0  0.0500   98   3
 2   63   -7.0  0.8560   98   4
 0    1   -8.0  0.0500   98   5
 3  174    6.0  2.5679   98   6
 0    1   14.0  0.0500   98   7
 0    1   -8.0  0.0500   98   8
 3  220   -7.0  1.7119   98   9
 2    1   -5.0  0.8560   98  10
 3    5   -4.0  1.7119   98  11
 0    1    0.0  0.0500   98  12
 3   46    1.0  0.8560   98  13
 3  282   -9.0  1.7119   98  14
 4   86    5.5  1.4826   98  15
 0    1  -12.0  0.0500   97   1
 3  340   -1.0  3.8103   97   2
 0    1    8.0  0.0500   97   3
 2   63   -7.0  0.8560   97   4
 0    1   -8.0  0.0500   97   5
 3  174    6.0  2.5679   97   6
 0    1   14.0  0.0500   97   7
 0    1   -8.0  0.0500   97   8
 3  220   -7.0  1.7119   97   9
 2    1   -5.0  0.8560   97  10
 3    5   -4.0  1.7119   97  11
 0    1    0.0  0.0500   97  12
 3   46    1.0  0.8560   97  13
 3  282   -9.0  1.7119   97  14
 4   86    5.5  1.4826   97  15
 0    1  -12.0  0.0500   96   1
 3  340   -1.0  3.8103   96   2
 0    1    8.0  0.0500   96   3
 2   63   -7.0  0.8560   96   4
 0    1   -8.0  0.0500   96   5
 3  174    6.0  2.5679   96   6
 0    1   14.0  0.0500   96   7
 0    1   -8.0  0.0500   96   8
 3  220   -7.0  1.7119   96   9
 2    1   -5.0  0.8560   96  10
 3    5   -4.0  1.7119   96  11
 0    1    0.0  0.0500   96  12
 3   46    1.0  0.8560   96  13
 3  282   -9.0  1.7119   96  14
 4   86    5.5  1.4826   96  15
 0    1  -12.0  0.0500   95   1
 3  340   -1.0  3.8103   95   2
 0    1    8.0  0.0500   95   3
 2   63   -7.0  0.8560   95   4
 0    1   -8.0  0.0500   95   5
 3  174    6.0  2.5679   95   6
 0    1   14.0  0.0500   95   7
 0    1   -8.0  0.0500   95   8
 3  220   -7.0  1.7119   95   9
 2    1   -5.0  0.8560   95  10
 3    5   -4.0  1.7119   95  11
 0    1    0.0  0.0500   95  12
 3   46    1.0  0.8560   95  13
 3  273  -13.0  5.1358   95  14
 4   86    5.5  1.4826   95  15
 0    1  -12.0  0.0500   94   1
 3  340   -1.0  3.8103   94   2
 0    1    8.0  0.0500   94   3
 2   63   -7.0  0.8560   94   4
 0    1   -8.0  0.0500   94   5
 3  174    6.0  2.5679   94   6
 0    1   14.0  0.0500   94   7
 0    1   -8.0  0.0500   94   8
 3  220   -7.0  1.7119   94   9
 2    1   -5.0  0.8560   94  10
 3    5   -4.0  1.7119   94  11
 0    1    0.0  0.0500   94  12
 3   46    1.0  0.8560   94  13
 3  273  -13.0  5.1358   94  14
 3   86    7.0  1.7119   94  15
 0    1  -12.0  0.0500   93   1
 3  340   -1.0  3.8103   93   2
 0    1    8.0  0.0500   93   3
 2   63   -7.0  0.8560   93   4
 0    1   -8.0  0.0500   93   5
 3  174    6.0  2.5679   93   6
 0    1   14.0  0.0500   93   7
 0    1   -8.0  0.0500   93   8
 3  220   -7.0  1.7119   93   9
 2    1   -5.0  0.8560   93  10
 3    5   -4.0  1.7119   93  11
 0    1    0.0  0.0500   93  12
 3   46    1.0  0.8560   93  13
 3  273  -13.0  5.1358   93  14
 3   86    7.0  1.7119   93  15
 0    1  -12.0  0.0500   92   1
 3  340   -1.0  3.8103   92   2
 0    1    8.0  0.0500   92   3
 2   63   -7.0  0.8560   92   4
 0    1   -8.0  0.0500   92   5
 3  174    6.0  2.5679   92   6
 0    1   14.0  0.0500   92   7
 0    1   -8.0  0.0500   92   8
 3  220   -7.0  1.7119   92   9
 2    1   -5.0  0.8560   92  10
 3    5   -4.0  1.7119   92  11
 0    1    0.0  0.0500   92  12
 3   46    1.0  0.8560   92  13
 3  273  -13.0  5.1358   92  14
 3   86    7.0  1.7119   92  15
 0    1  -12.0  0.0500   91   1
 3  340   -1.0  3.8103   91   2
 0    1    8.0  0.0500   91   3
 2   63   -7.0  0.8560   91   4
 0    1   -8.0  0.0500   91   5
 2  174    6.0  1.7119   91   6
 0    1   14.0  0.0500   91   7
 0    1   -8.0  0.0500   91   8
 3  220   -7.0  1.7119   91   9
 2    1   -5.0  0.8560   91  10
 3    5   -4.0  1.7119   91  11
 0    1    0.0  0.0500   91  12
 3   46    1.0  0.8560   91  13
 3  273  -13.0  5.1358   91  14
 3   86    7.0  1.7119   91  15
 0    1  -12.0  0.0500   90   1
 3  340   -1.0  3.8103   90   2
 0    1    8.0  0.0500   90   3
 2   63   -7.0  0.8560   90   4
 0    1   -8.0  0.0500   90   5
 2  174    6.0  1.7119   90   6
 0    1   14.0  0.0500   90   7
 0    1   -8.0  0.0500   90   8
 3  220   -7.0  1.7119   90   9
 2    1   -5.0  0.8560   90  10
 3    5   -4.0  1.7119   90  11
 0    1    0.0  0.0500   90  12
 3   46    1.0  0.8560   90  13
 3  273  -13.0  5.1358   90  14
 3   86    7.0  1.7119   90  15
 0    1  -12.0  0.0500   89   1
 3  340   -1.0  3.8103   89   2
 0    1    8.0  0.0500   89   3
 2   63   -7.0  0.8560   89   4
 0    1   -8.0  0.0500   89   5
 2  174    6.0  1.7119   89   6
 0    1   14.0  0.0500   89   7
 0    1   -8.0  0.0500   89   8
 3  220   -7.0  1.7119   89   9
 2    1   -5.0  0.8560   89  10
 3    5   -4.0  1.7119   89  11
 0    1    0.0  0.0500   89  12
 3   46    1.0  0.8560   89  13
 3  273  -13.0  5.1358   89  14
 3  288    5.0  1.7119   89  15
 0    1  -12.0  0.0500   88   1
 3  340   -1.0  3.8103   88   2
 0    1    8.0  0.0500   88   3
 2   63   -7.0  0.8560   88   4
 0    1   -8.0  0.0500   88   5
 2  174    6.0  1.7119   88   6
 0    1   14.0  0.0500   88   7
 0    1   -8.0  0.0500   88   8
 3  220   -7.0  1.7119   88   9
 2    1   -5.0  0.8560   88  10
 3    5   -4.0  1.7119   88  11
 0    1    0.0  0.0500   88  12
 3   46    1.0  0.8560   88  13
 3  273  -13.0  5.1358   88  14
 3  288   11.0  0.8560   88  15
 0    1  -12.0  0.0500   87   1
 3  340   -1.0  3.8103   87   2
 0    1    8.0  0.0500   87   3
 2   63   -7.0  0.8560   87   4
 0    1   -8.0  0.0500   87   5
 2  174    6.0  1.7119   87   6
 0    1   14.0  0.0500   87   7
 0    1   -8.0  0.0500   87   8
 3  220   -7.0  1.7119   87   9
 2    1   -5.0  0.8560   87  10
 3    5   -4.0  1.7119   87  11
 0    1    0.0  0.0500   87  12
 3   46    1.0  0.8560   87  13
 3  273  -13.0  5.1358   87  14
 3  288   11.0  0.8560   87  15
 0    1  -12.0  0.0500   86   1
 3  340   -1.0  3.8103   86   2
 0    1    8.0  0.0500   86   3
 2   63   -7.0  0.8560   86   4
 0    1   -8.0  0.0500   86   5
 2  174    6.0  1.7119   86   6
 0    1   14.0  0.0500   86   7
 0    1   -8.0  0.0500   86   8
 2  220   -5.0  0.8560   86   9
 2    1   -5.0  0.8560   86  10
 3    5   -4.0  1.7119   86  11
 0    1    0.0  0.0500   86  12
 3   46    1.0  0.8560   86  13
 3  273  -13.0  5.1358   86  14
 3  288   11.0  0.8560   86  15
 0    1  -12.0  0.0500   85   1
 3  340   -1.0  3.8103   85   2
 0    1    8.0  0.0500   85   3
 2   63   -7.0  0.8560   85   4
 0    1   -8.0  0.0500   85   5
 2  174    6.0  1.7119   85   6
 0    1   14.0  0.0500   85   7
 0    1   -8.0  0.0500   85   8
 2  220   -5.0  0.8560   85   9
 2    1   -5.0  0.8560   85  10
 3    5   -4.0  1.7119   85  11
 0    1    0.0  0.0500   85  12
 3   46    1.0  0.8560   85  13
 3  273  -13.0  5.1358   85  14
 3  288   11.0  0.8560   85  15
 0    1  -12.0  0.0500   84   1
 3  340   -1.0  3.8103   84   2
 0    1    8.0  0.0500   84   3
 2   63   -7.0  0.8560   84   4
 0    1   -8.0  0.0500   84   5
 2  174    6.0  1.7119   84   6
 0    1   14.0  0.0500   84   7
 0    1   -8.0  0.0500   84   8
 1  220   -4.5  3.0000   84   9
 2    1   -5.0  0.8560   84  10
 3    5   -4.0  1.7119   84  11
 0    1    0.0  0.0500   84  12
 3   46    1.0  0.8560   84  13
 3  273  -13.0  5.1358   84  14
 3  288   11.0  0.8560   84  15
 0    1  -12.0  0.0500   83   1
 3  340   -1.0  3.8103   83   2
 0    1    8.0  0.0500   83   3
 2   63   -7.0  0.8560   83   4
 0    1   -8.0  0.0500   83   5
 2  174    6.0  1.7119   83   6
 0    1   14.0  0.0500   83   7
 0    1   -8.0  0.0500   83   8
 1  220   -4.5  3.0000   83   9
 2    1   -5.0  0.8560   83  10
 3    5   -4.0  1.7119   83  11
 0    1    0.0  0.0500   83  12
 3   46    1.0  0.8560   83  13
 3  273  -13.0  5.1358   83  14
 3  288   11.0  0.8560   83  15
 0    1  -12.0  0.0500   82   1
 3  340   -1.0  3.8103   82   2
 0    1    8.0  0.0500   82   3
 2   63   -7.0  0.8560   82   4
 0    1   -8.0  0.0500   82   5
 2  174    6.0  1.7119   82   6
 0    1   14.0  0.0500   82   7
 0    1   -8.0  0.0500   82   8
 1  220   -4.5  3.0000   82   9
 2    1   -5.0  0.8560   82  10
 3    5   -4.0  1.7119   82  11
 0    1    0.0  0.0500   82  12
 3   46    1.0  0.8560   82  13
 3  273  -13.0  5.1358   82  14
 3  288   11.0  0.8560   82  15
 0    1  -12.0  0.0500   81   1
 3  340   -1.0  3.8103   81   2
 0    1    8.0  0.0500   81   3
 2   63   -7.0  0.8560   81   4
 0    1   -8.0  0.0500   81   5
 2  174    6.0  1.7119   81   6
 0    1   14.0  0.0500   81   7
 0    1   -8.0  0.0500   81   8
 1  220   -4.5  3.0000   81   9
 2    1   -5.0  0.8560   81  10
 3    5   -4.0  1.7119   81  11
 0    1    0.0  0.0500   81  12
 3   46    1.0  0.8560   81  13
 3  273  -13.0  5.1358   81  14
 3  288   11.0  0.8560   81  15
 0    1  -12.0  0.0500   80   1
 3  340   -1.0  3.8103   80   2
 0    1    8.0  0.0500   80   3
 2   63   -7.0  0.8560   80   4
 0    1   -8.0  0.0500   80   5
 2  174    6.0  1.7119   80   6
 0    1   14.0  0.0500   80   7
 0    1   -8.0  0.0500   80   8
 1  220   -4.5  3.0000   80   9
 2    1   -6.0  0.8560   80  10
 3    5   -4.0  1.7119   80  11
 0    1    0.0  0.0500   80  12
 3   46    1.0  0.8560   80  13
 3  273  -13.0  5.1358   80  14
 3  288   11.0  0.8560   80  15
 0    1  -12.0  0.0500   79   1
 3  340   -1.0  3.8103   79   2
 0    1    8.0  0.0500   79   3
 2   63   -7.0  0.8560   79   4
 0    1   -8.0  0.0500   79   5
 2  174    6.0  1.7119   79   6
 0    1   14.0  0.0500   79   7
 0    1   -8.0  0.0500   79   8
 1  220   -4.5  3.0000   79   9
 2    1   -6.0  0.8560   79  10
 3    5   -4.0  1.7119   79  11
 0    1    0.0  0.0500   79  12
 3   46    1.0  0.8560   79  13
 3  273  -13.0  5.1358   79  14
 3  288   11.0  0.8560   79  15
 0    1  -12.0  0.0500   78   1
 3  340   -1.0  3.8103   78   2
 0    1    8.0  0.0500   78   3
 2   63   -7.0  0.8560   78   4
 0    1   -8.0  0.0500   78   5
 2  174    6.0  1.7119   78   6
 0    1   14.0  0.0500   78   7
 0    1   -8.0  0.0500   78   8
 1  220   -4.5  3.0000   78   9
 2    1   -6.0  0.8560   78  10
 3    5   -4.0  1.7119   78  11
 0    1    0.0  0.0500   78  12
 3   46    1.0  0.8560   78  13
 3  273  -13.0  5.1358   78  14
 3  288   11.0  0.8560   78  15
 0    1  -12.0  0.0500   77   1
 3  340   -1.0  3.8103   77   2
 0    1    8.0  0.0500   77   3
 2   63   -7.0  0.8560   77   4
 0    1   -8.0  0.0500   77   5
 2  174    6.0  1.7119   77   6
 0    1   14.0  0.0500   77   7
 0    1   -8.0  0.0500   77   8
 1  220   -4.5  3.0000   77   9
 2    1   -6.0  0.8560   77  10
 3    5   -4.0  1.7119   77  11
 0    1    0.0  0.0500   77  12
 3   46    1.0  0.8560   77  13
 3  273  -13.0  5.1358   77  14
 3  288   11.0  0.8560   77  15
 0    1  -12.0  0.0500   76   1
 3  340   -1.0  3.8103   76   2
 0    1    8.0  0.0500   76   3
 2   63   -7.0  0.8560   76   4
 0    1   -8.0  0.0500   76   5
 2  174    6.0  1.7119   76   6
 0    1   14.0  0.0500   76   7
 0    1   -8.0  0.0500   76   8
 1  220   -4.5  3.0000   76   9
 2    1   -6.0  0.8560   76  10
 3    5   -4.0  1.7119   76  11
 0    1    0.0  0.0500   76  12
 3   46    1.0  0.8560   76  13
 3  273  -13.0  5.1358   76  14
 3  288   11.0  0.8560   76  15
 0    1  -12.0  0.0500   75   1
 3  340   -1.0  3.8103   75   2
 0    1    8.0  0.0500   75   3
 2   63   -7.0  0.8560   75   4
 0    1   -8.0  0.0500   75   5
 2  174    6.0  1.7119   75   6
 0    1   14.0  0.0500   75   7
 0    1   -8.0  0.0500   75   8
 1  220   -4.5  3.0000   75   9
 2    1   -6.0  0.8560   75  10
 3    5   -4.0  1.7119   75  11
 0    1    0.0  0.0500   75  12
 3   46    1.0  0.8560   75  13
 3  273  -13.0  5.1358   75  14
 3  288   11.0  0.8560   75  15
 0    1  -12.0  0.0500   74   1
 3  340   -1.0  3.8103   74   2
 0    1    8.0  0.0500   74   3
 2   63   -7.0  0.8560   74   4
 0    1   -8.0  0.0500   74   5
 2  174    6.0  1.7119   74   6
 0    1   14.0  0.0500   74   7
 0    1   -8.0  0.0500   74   8
 1  220   -4.5  3.0000   74   9
 2    1   -6.0  0.8560   74  10
 3    5   -4.0  1.7119   74  11
 0    1    0.0  0.0500   74  12
 3   46    1.0  0.8560   74  13
 3  273  -13.0  5.1358   74  14
 3  288   11.0  0.8560   74  15
 0    1  -12.0  0.0500   73   1
 3  340   -1.0  3.8103   73   2
 0    1    8.0  0.0500   73   3
 2   63   -7.0  0.8560   73   4
 0    1   -8.0  0.0500   73   5
 2  174    6.0  1.7119   73   6
 0    1   14.0  0.0500   73   7
 0    1   -8.0  0.0500   73   8
 1  220   -4.5  3.0000   73   9
 2    1   -6.0  0.8560   73  10
 3    5   -4.0  1.7119   73  11
 0    1    0.0  0.0500   73  12
 3   46    1.0  0.8560   73  13
 3  273  -13.0  5.1358   73  14
 3  288   11.0  0.8560   73  15
 0    1  -12.0  0.0500   72   1
 3  340   -1.0  3.8103   72   2
 0    1    8.0  0.0500   72   3
 2   63   -7.0  0.8560   72   4
 0    1   -8.0  0.0500   72   5
 2  174    6.0  1.7119   72   6
 0    1   14.0  0.0500   72   7
 0    1   -8.0  0.0500   72   8
 1  220   -4.5  3.0000   72   9
 2    1   -6.0  0.8560   72  10
 3    5   -4.0  1.7119   72  11
 0    1    0.0  0.0500   72  12
 3   46    1.0  0.8560   72  13
 3  273  -13.0  5.1358   72  14
 3  288   11.0  0.8560   72  15
 0    1  -12.0  0.0500   71   1
 3  226  -13.0  1.7119   71   2
 0    1    8.0  0.0500   71   3
 2   63   -7.0  0.8560   71   4
 0    1   -8.0  0.0500   71   5
 2  174    6.0  1.7119   71   6
 0    1   14.0  0.0500   71   7
 0    1   -8.0  0.0500   71   8
 1  220   -4.5  3.0000   71   9
 2    1   -6.0  0.8560   71  10
 3    5   -4.0  1.7119   71  11
 0    1    0.0  0.0500   71  12
 3   46    1.0  0.8560   71  13
 3  252  -14.0  5.1358   71  14
 3  288   11.0  0.8560   71  15
 0    1  -12.0  0.0500   70   1
 3  226  -13.0  1.7119   70   2
 0    1    8.0  0.0500   70   3
 2   63   -7.0  0.8560   70   4
 0    1   -8.0  0.0500   70   5
 2  174    6.0  1.7119   70   6
 0    1   14.0  0.0500   70   7
 0    1   -8.0  0.0500   70   8
 1  220   -4.5  3.0000   70   9
 2    1   -6.0  1.7119   70  10
 3    5   -4.0  1.7119   70  11
 0    1    0.0  0.0500   70  12
 3   46    1.0  0.8560   70  13
 3  252  -14.0  5.1358   70  14
 3  288   11.0  0.8560   70  15
 0    1  -12.0  0.0500   69   1
 3  226  -13.0  1.7119   69   2
 0    1    8.0  0.0500   69   3
 2   63   -7.0  0.8560   69   4
 0    1   -8.0  0.0500   69   5
 2  174    6.0  1.7119   69   6
 0    1   14.0  0.0500   69   7
 0    1   -8.0  0.0500   69   8
 1  220   -4.5  3.0000   69   9
 2    1   -6.0  1.7119   69  10
 3    5   -4.0  1.7119   69  11
 0    1    0.0  0.0500   69  12
 3   46    1.0  0.8560   69  13
 3  252  -14.0  5.1358   69  14
 3  288   11.0  0.8560   69  15
 0    1  -12.0  0.0500   68   1
 3  226  -13.0  1.7119   68   2
 0    1    8.0  0.0500   68   3
 2   63   -7.0  0.8560   68   4
 0    1   -8.0  0.0500   68   5
 2  174    6.0  1.7119   68   6
 0    1   14.0  0.0500   68   7
 0    1   -8.0  0.0500   68   8
 1  220   -4.5  3.0000   68   9
 2    1   -6.0  1.7119   68  10
 3    5   -4.0  1.7119   68  11
 0    1    0.0  0.0500   68  12
 3   46    1.0  0.8560   68  13
 3  252  -14.0  5.1358   68  14
 3  288   11.0  0.8560   68  15
 0    1  -12.0  0.0500   67   1
 3  226  -13.0  1.7119   67   2
 0    1    8.0  0.0500   67   3
 2   63   -7.0  0.8560   67   4
 0    1   -8.0  0.0500   67   5
 2  174    6.0  1.7119   67   6
 0    1   14.0  0.0500   67   7
 0    1   -8.0  0.0500   67   8
 1  220   -4.5  3.0000   67   9
 2    1   -6.0  1.7119   67  10
 3    5   -4.0  1.7119   67  11
 0    1    0.0  0.0500   67  12
 3   46    1.0  0.8560   67  13
 3  252  -14.0  5.1358   67  14
 3  288   11.0  0.8560   67  15
 0    1  -12.0  0.0500   66   1
 3  226  -13.0  1.7119   66   2
 0    1    8.0  0.0500   66   3
 2   63   -7.0  0.8560   66   4
 0    1   -8.0  0.0500   66   5
 2  174    6.0  1.7119   66   6
 0    1   14.0  0.0500   66   7
 0    1   -8.0  0.0500   66   8
 1  220   -4.5  3.0000   66   9
 2    1   -6.0  1.7119   66  10
 3    5   -4.0  1.7119   66  11
 0    1    0.0  0.0500   66  12
 3  299    0.0  1.7119   66  13
 3  252  -14.0  5.1358   66  14
 3  288   11.0  0.8560   66  15
 0    1  -12.0  0.0500   65   1
 3  226  -13.0  1.7119   65   2
 0    1    8.0  0.0500   65   3
 2   63   -7.0  0.8560   65   4
 0    1   -8.0  0.0500   65   5
 2  174    6.0  1.7119   65   6
 0    1   14.0  0.0500   65   7
 0    1   -8.0  0.0500   65   8
 1  220   -4.5  3.0000   65   9
 2    1   -6.0  1.7119   65  10
 3    5   -4.0  1.7119   65  11
 0    1    0.0  0.0500   65  12
 3  299    0.0  1.7119   65  13
 3  252  -14.0  5.1358   65  14
 3  288   11.0  0.8560   65  15
 0    1  -12.0  0.0500   64   1
 3  226  -13.0  1.7119   64   2
 0    1    8.0  0.0500   64   3
 2   63   -7.0  0.8560   64   4
 0    1   -8.0  0.0500   64   5
 2  174    6.0  1.7119   64   6
 0    1   14.0  0.0500   64   7
 0    1   -8.0  0.0500   64   8
 1  220   -4.5  3.0000   64   9
 2    1   -6.0  1.7119   64  10
 3    5   -4.0  1.7119   64  11
 0    1    0.0  0.0500   64  12
 3  299    0.0  1.7119   64  13
 3  252  -14.0  5.1358   64  14
 3  288   11.0  0.8560   64  15
 0    1  -12.0  0.0500   63   1
 3  226  -13.0  1.7119   63   2
 0    1    8.0  0.0500   63   3
 2   63   -7.0  0.8560   63   4
 0    1   -8.0  0.0500   63   5
 2  174    6.0  1.7119   63   6
 0    1   14.0  0.0500   63   7
 0    1   -8.0  0.0500   63   8
 1  220   -4.5  3.0000   63   9
 2    1   -6.0  1.7119   63  10
 3    5   -4.0  1.7119   63  11
 0    1    0.0  0.0500   63  12
 3  299    0.0  1.7119   63  13
 3  252  -14.0  5.1358   63  14
 3  288   11.0  0.8560   63  15
 0    1  -12.0  0.0500   62   1
 3  226  -13.0  1.7119   62   2
 0    1    8.0  0.0500   62   3
 2   63   -7.0  0.8560   62   4
 0    1   -8.0  0.0500   62   5
 2  174    6.0  1.7119   62   6
 0    1   14.0  0.0500   62   7
 0    1   -8.0  0.0500   62   8
 1  220   -4.5  3.0000   62   9
 2    1   -6.0  1.7119   62  10
 3    5   -4.0  1.7119   62  11
 0    1    0.0  0.0500   62  12
 3  299    0.0  1.7119   62  13
 3  252  -14.0  5.1358   62  14
 3  288   11.0  0.8560   62  15
 0    1  -12.0  0.0500   61   1
 3  226  -13.0  1.7119   61   2
 0    1    8.0  0.0500   61   3
 2   63   -7.0  0.8560   61   4
 0    1   -8.0  0.0500   61   5
 2  174    6.0  1.7119   61   6
 0    1   14.0  0.0500   61   7
 0    1   -8.0  0.0500   61   8
 1  220   -4.5  3.0000   61   9
 2    1   -6.0  1.7119   61  10
 3    5   -4.0  1.7119   61  11
 0    1    0.0  0.0500   61  12
 3  299    0.0  1.7119   61  13
 3  252  -14.0  5.1358   61  14
 3  288   11.0  0.8560   61  15
